83 10 F1 22 F1 50 E7 : 86 F1 10 62 F1 50 0F 13 10 5C
83 10 F1 22 F1 90 27 : 94 F1 10 62 F1 90 57 42 41 46 50 33 31 30 58 42 43 36 32 31 33 32 39 90
83 10 F1 22 3F 06 EB : 80 F1 10 B7 62 3F 06 00 9C 03 41 94 50 99 04 50 9B 04 D1 42 14 57 AD 89 26 84 63 91 25 55 49 56 12 AD 24 B4 89 38 77 51 04 D4 45 55 11 59 44 93 51 26 14 4D 05 13 45 45 11 51 56 54 89 55 35 C9 54 18 55 24 95 4D 45 54 61 65 14 59 96 16 9A C5 B6 8D 84 92 61 24 D8 51 56 15 41 85 53 61 64 58 59 46 17 51 86 10 61 85 D8 CE D6 33 E1 8D 2C 63 4B 99 49 56 55 55 96 53 66 18 56 86 15 A1 89 8A ED 12 14 19 40 CD 25 B7 09 29 AE 1B E9 45 1B E9 45 2C B5 92 1B EB BE DA E3 8B 39 AC 8E 5C AB C2 58 A5 C2 60 00 00 14 46 86 4A CE B9 47 21 DC 81 17 B8 88 A8 5F 75 89 49 0F FD BB C0
C3 DF F1 22 F1 50 F6 : 86 F1 10 62 F1 50 0F 13 10 5C  86 F1 56 62 F1 50 0F 10 E0 6F  86 F1 40 62 F1 50 0F 10 01 7A  86 F1 78 62 F1 50 0F 11 90 42  86 F1 5E 62 F1 50 0F 12 A0 39  86 F1 67 62 F1 50 0F 11 F0 91  86 F1 00 62 F1 50 0F 10 50 89  86 F1 01 62 F1 50 0F 10 20 5A  86 F1 18 62 F1 50 0F 14 B0 05  86 F1 6D 62 F1 50 0F 12 20 C8  86 F1 73 62 F1 50 0F 11 50 FD  86 F1 72 62 F1 50 0F 10 D0 7B  86 F1 17 62 F1 50 0F 11 80 D1  86 F1 64 62 F1 50 0F 13 B0 50  86 F1 2A 62 F1 50 0F 14 C0 27  86 F1 63 62 F1 50 0F 15 80 21  86 F1 30 62 F1 50 0F 18 C0 31  86 F1 02 62 F1 50 0F 12 80 BD  86 F1 60 62 F1 50 0F 11 60 FA  86 F1 1C 62 F1 50 0F 10 F0 45  86 F1 36 62 F1 50 0F 15 D0 44  86 F1 12 62 F1 50 0F 13 E0 2E  86 F1 29 62 F1 50 0F 10 60 C2
83 10 F1 22 10 0B C1 : B1 F1 10 62 10 0B 46 30 31 30 0A 09 02 0A 46 30 31 30 0A 09 02 0A 46 30 31 30 0A 09 02 0A 00 14 E1 BA A8 BC 40 45 4D A8 90 EE F5 45 B7 7D 00 64 E3 49 A7 B4 75
83 12 F1 22 F1 50 E9 : 86 F1 12 62 F1 50 0F 13 E0 2E
;83 12 F1 22 40 2B 13 : 9F F1 12 62 40 2B 01 D1 63 40 0A FA 00 6D 03 00 00 00 00 00 00 FF 00 00 00 00 02 00 00 01 00 00 00 00 5A
;83 12 F1 22 40 2B 13 : 9F F1 12 62 40 2B 01 D1 63 28 0A FA 00 6D 03 00 00 00 00 00 00 FF 00 00 00 00 02 00 00 01 00 00 00 00 42
83 12 F1 22 40 2B 13 : 9F F1 12 62 40 2B 01 D8 75 D4 05 C7 00 6D 03 00 00 00 00 00 00 FF 00 00 00 00 02 00 00 01 00 00 00 00 CF
83 12 F1 22 40 2B 13 : 9F F1 12 62 40 2B 01 D8 78 98 07 55 00 6D 03 00 00 00 00 00 00 FF 00 00 00 00 02 00 00 01 00 00 00 00 26
83 12 F1 22 40 2B 13 : 9F F1 12 62 40 2B 01 D8 79 CC 07 D3 00 6D 03 00 00 00 00 00 00 FF 00 00 00 00 02 00 00 01 00 00 00 00 D9
83 40 F1 22 F1 90 57 : 94 F1 40 62 F1 90 57 42 41 46 50 33 31 30 58 42 43 36 32 31 33 32 39 C0
83 40 F1 22 F1 90 57 : 94 F1 40 62 F1 90 57 42 41 46 50 33 31 30 58 42 43 36 32 31 33 32 39 C0
83 12 F1 22 40 2B 13 : 9F F1 12 62 40 2B 01 D8 79 CC 07 DE 00 6D 03 00 00 00 00 00 00 FF 00 00 00 00 02 00 00 01 00 00 00 00 E4
83 10 F1 22 10 0B C1 : B1 F1 10 62 10 0B 46 30 31 30 0A 09 02 0A 46 30 31 30 0A 09 02 0A 46 30 31 30 0A 09 02 0A 00 14 E1 BA A8 BC 40 45 4D A8 90 EE F5 45 B7 7D 00 64 E3 49 A7 B4 75
83 10 F1 22 F1 01 98 : B4 F1 10 62 F1 01 01 01 00 04 10 10 25 8B 00 09 00 00 00 00 00 00 00 06 00 00 04 52 02 0B 1E 08 00 00 04 53 02 0B 3C 08 00 00 04 54 02 05 04 01 00 00 03 48 00 C4 00 92
83 10 F1 22 3F 06 EB : 80 F1 10 B7 62 3F 06 00 9C 03 41 94 50 99 04 50 9B 04 D1 42 14 57 AD 89 26 84 63 91 25 55 49 56 12 AD 24 B4 89 38 77 51 04 D4 45 55 11 59 44 93 51 26 14 4D 05 13 45 45 11 51 56 54 89 55 35 C9 54 18 55 24 95 4D 45 54 61 65 14 59 96 16 9A C5 B6 8D 84 92 61 24 D8 51 56 15 41 85 53 61 64 58 59 46 17 51 86 10 61 85 D8 CE D6 33 E1 8D 2C 63 4B 99 49 56 55 55 96 53 66 18 56 86 15 A1 89 8A ED 12 14 19 40 CD 25 B7 09 29 AE 1B E9 45 1B E9 45 2C B5 92 1B EB BE DA E3 8B 39 AC 8E 5C AB C2 58 A5 C2 60 00 00 14 46 86 4A CE B9 47 21 DC 81 17 B8 88 A8 5F 75 89 49 0F FD BB C0
83 10 F1 22 F1 01 98 : B4 F1 10 62 F1 01 01 01 00 04 10 10 25 8B 00 09 00 00 00 00 00 00 00 06 00 00 04 52 02 0B 1E 08 00 00 04 53 02 0B 3C 08 00 00 04 54 02 05 04 01 00 00 03 48 00 C4 00 92
C3 DF F1 22 F1 01 A7 : B4 F1 10 62 F1 01 01 01 00 04 10 10 25 8B 00 09 00 00 00 00 00 00 00 06 00 00 04 52 02 0B 1E 08 00 00 04 53 02 0B 3C 08 00 00 04 54 02 05 04 01 00 00 03 48 00 C4 00 92  B4 F1 17 62 F1 01 01 01 00 04 99 99 99 8B 00 00 00 00 00 00 00 00 00 01 00 00 00 94 00 01 01 06 00 00 06 19 00 80 02 08 00 00 03 D8 00 80 08 05 00 00 00 98 00 08 34 EE  80 F1 63 64 62 F1 01 01 01 00 0A 10 10 08 8B 00 00 00 00 00 00 00 00 00 01 00 00 08 02 0B 00 00 06 00 00 0A 13 00 1D 02 08 00 00 0A 24 00 1D 02 08 00 00 0A 34 00 1D 00 08 00 00 0A 25 00 1D 00 08 00 00 0A 26 00 1D 00 07 00 00 0A 2B 00 1D 00 0C 00 00 0A 1F 03 12 AC 08 00 00 0A 36 00 1D 00 05 00 00 00 F9 05 12 0B D8  80 F1 30 4C 62 F1 01 01 01 00 07 10 10 29 8D 00 F0 01 00 00 52 06 00 00 01 00 00 02 BB 05 00 01 02 00 00 07 5B FF FF FF 02 00 00 02 BD FF FF FF 06 00 00 04 C4 02 01 00 08 00 00 04 C7 02 03 00 08 00 00 04 CA 02 05 01 05 00 00 02 C9 02 02 00 A7  BC F1 12 62 F1 01 01 01 00 05 10 10 29 8D 00 F0 01 00 00 52 06 00 00 01 00 00 02 48 03 1D 05 06 00 00 04 85 03 9F 01 08 00 00 04 86 B3 01 01 08 00 00 05 38 B3 01 08 05 00 00 07 21 01 00 17 68  BC F1 56 62 F1 01 01 01 00 05 10 10 23 8B 00 00 00 00 00 00 00 00 00 01 00 00 05 4C 04 00 00 01 00 00 05 4F 01 00 00 01 00 00 05 50 01 00 00 06 00 00 0A 6B 01 00 00 08 00 00 05 55 01 15 00 23  80 F1 01 44 62 F1 01 01 01 00 06 10 03 16 8B 00 58 01 00 00 00 00 00 00 01 00 00 07 CF 03 02 00 06 00 00 07 AE 04 00 02 08 00 00 07 AF 06 00 00 05 00 00 00 9C 05 01 01 05 00 00 08 E8 05 03 07 05 00 00 08 E5 05 01 06 2A  BC F1 73 62 F1 01 01 01 00 05 10 10 22 8B 00 53 01 AC 00 00 01 00 00 01 00 00 00 8C 03 07 14 01 00 00 00 8E 03 06 0B 06 00 00 0C CB 05 00 00 08 00 00 03 D3 05 00 0A 05 00 00 00 8A 04 05 32 30  80 F1 72 4C 62 F1 01 01 01 00 07 10 10 27 8B 00 24 00 00 00 00 00 00 00 01 00 00 08 FB 02 00 00 06 00 00 05 15 05 02 03 08 00 00 05 13 04 01 30 08 00 00 05 14 04 01 30 08 00 00 05 12 04 01 30 08 00 00 05 11 04 01 29 05 00 00 01 2F 05 09 11 51  BC F1 6D 62 F1 01 01 01 00 05 10 10 19 8B 00 24 00 00 00 00 00 00 00 02 00 00 0A B0 FF FF FF 01 00 00 0A B1 01 01 00 06 00 00 03 E4 07 00 03 08 00 00 0A BA 01 03 00 05 00 00 00 B5 07 03 0A 69  80 F1 60 6C 62 F1 01 01 01 00 0B 07 07 12 8B 00 08 00 00 00 00 00 00 00 01 00 00 07 5E 02 03 00 02 00 00 01 40 FF FF FF 02 00 00 0C E4 FF FF FF 06 00 00 07 63 01 00 13 08 00 00 07 65 01 13 00 08 00 00 04 13 04 13 0E 07 00 00 07 64 01 00 2E 08 00 00 03 C3 04 14 02 08 00 00 07 66 01 13 00 08 00 00 07 69 01 08 03 05 00 00 00 69 07 02 32 7A  80 F1 02 54 62 F1 01 01 01 00 08 10 10 25 8B 00 11 01 00 00 10 00 00 00 01 00 00 03 27 04 01 00 02 00 00 03 3E FF FF FF 02 00 00 03 40 FF FF FF 02 00 00 03 43 FF FF FF 06 00 00 03 6E 05 07 00 08 00 00 03 6F 05 10 00 08 00 00 03 70 01 06 00 05 00 00 03 3D 01 07 01 F0  80 F1 1C 54 62 F1 01 01 01 00 08 10 05 04 8B 00 18 01 00 00 10 00 00 00 01 00 00 00 01 03 06 01 06 00 00 04 90 03 03 00 08 00 00 05 25 02 05 01 08 00 00 05 23 02 05 00 08 00 00 05 24 02 05 00 00 00 00 00 00 00 00 00 07 00 00 05 35 03 01 00 08 00 00 09 6A 01 03 00 25  80 F1 36 64 62 F1 01 01 01 00 0A 10 06 09 8B 00 00 00 00 00 00 00 00 00 01 00 00 05 8F 05 01 00 06 00 00 0B 86 03 05 15 08 00 00 0B 8A 02 05 15 08 00 00 0B 8C 02 05 15 08 00 00 0B 87 02 05 15 08 00 00 0B 88 02 05 15 08 00 00 0B 8D 02 05 15 08 00 00 0B 89 02 05 15 08 00 00 0B 8B 02 05 15 05 00 00 05 B6 03 03 05 3E  BC F1 18 62 F1 01 01 01 00 05 10 10 29 8D 00 F0 01 00 00 52 06 00 00 01 00 00 02 2A 04 0C 01 06 00 00 0C 7C 0C 37 00 08 00 00 0A 81 00 37 01 08 00 00 0A 99 37 6F 3A 05 00 00 02 3F 10 10 03 0D  B4 F1 64 62 F1 01 01 01 00 04 10 10 26 8B 00 00 00 00 00 00 00 00 00 01 00 00 00 11 04 00 01 06 00 00 05 F5 04 00 0A 08 00 00 03 A5 04 04 01 05 00 00 00 18 04 04 05 3C  B4 F1 67 62 F1 01 01 01 00 04 10 01 28 8B 00 21 00 00 00 00 00 00 00 01 00 00 00 78 04 01 01 06 00 00 05 D1 04 04 00 08 00 00 03 CE 03 05 00 02 00 00 02 09 FF FF FF 99  BC F1 00 62 F1 01 01 01 00 05 10 10 26 8B 00 00 00 00 00 00 00 00 00 01 00 00 00 11 04 00 01 02 00 00 09 8E FF FF FF 06 00 00 03 A2 04 00 0A 08 00 00 04 B1 04 1E 01 05 00 00 00 14 04 1E 09 63  B4 F1 2A 62 F1 01 01 01 00 04 10 10 22 8B 00 42 01 00 00 10 00 00 00 01 00 00 02 98 00 01 0A 06 00 00 04 AF 00 0F 0A 08 00 00 04 B0 00 11 00 05 00 00 02 9B 00 05 06 3B  BC F1 78 62 F1 01 01 01 00 05 10 10 07 8B 00 21 00 00 00 00 00 00 00 01 00 00 00 8F 03 00 00 06 00 00 03 D4 05 0C 00 08 00 00 03 D5 05 0C 01 05 00 00 00 92 03 0E 06 02 00 00 01 D7 FF FF FF 4B  BC F1 5E 62 F1 01 01 01 00 05 10 01 25 8B 00 02 00 00 00 00 00 00 00 01 00 00 08 29 01 00 01 02 00 00 07 49 FF FF FF 06 00 00 03 E9 01 01 01 08 00 00 04 84 01 03 01 05 00 00 00 D0 03 04 00 12  80 F1 29 4C 62 F1 01 01 01 00 07 10 04 13 8B 00 08 00 00 00 00 00 00 00 01 00 00 0B AC 03 AF 01 06 00 00 03 EE 05 10 01 07 00 00 04 C3 05 10 01 08 00 00 0B AE 05 DC 05 08 00 00 0B B0 05 DC 05 08 00 00 0B AF 05 DC 05 05 00 00 00 D8 05 C8 0B 06  80 F1 40 54 62 F1 01 01 01 00 08 21 07 31 8A 30 39 01 00 00 01 23 00 00 01 00 00 00 07 06 00 00 02 00 00 02 EA FF FF FF 06 00 00 07 4B 07 00 03 08 00 00 07 4F 07 00 29 08 00 00 07 4D 07 00 29 08 00 00 07 4E 07 00 29 08 00 00 07 4C 07 00 29 05 00 00 00 0F 05 13 05 92
83 12 F1 22 40 2B 13 : 9F F1 12 62 40 2B 01 D8 79 D8 08 20 00 6D 03 00 00 00 00 00 00 FF 00 00 00 00 02 00 00 01 00 00 00 00 33
83 12 F1 22 40 2B 13 : 9F F1 12 62 40 2B 01 D8 7A 94 08 8D 00 6D 03 00 00 00 00 00 00 FF 00 00 00 00 02 00 00 01 00 00 00 00 5D
83 40 F1 22 F1 90 57 : 94 F1 40 62 F1 90 57 42 41 46 50 33 31 30 58 42 43 36 32 31 33 32 39 C0
83 12 F1 22 40 2B 13 : 9F F1 12 62 40 2B 01 D8 7A A8 08 8B 00 6D 03 00 00 00 00 00 00 FF 00 00 00 00 02 00 00 01 00 00 00 00 6F
83 12 F1 22 40 2B 13 : 9F F1 12 62 40 2B 01 D8 7B 20 08 B0 00 6D 03 00 00 00 00 00 00 FF 00 00 00 00 02 00 00 01 00 00 00 00 0D
83 10 F1 22 10 0B C1 : B1 F1 10 62 10 0B 46 30 31 30 0A 09 02 0A 46 30 31 30 0A 09 02 0A 46 30 31 30 0A 09 02 0A 00 14 E1 BA A8 BC 40 45 4D A8 90 EE F5 45 B7 7D 00 64 E3 49 A7 B4 75
83 10 F1 22 F1 01 98 : B4 F1 10 62 F1 01 01 01 00 04 10 10 25 8B 00 09 00 00 00 00 00 00 00 06 00 00 04 52 02 0B 1E 08 00 00 04 53 02 0B 3C 08 00 00 04 54 02 05 04 01 00 00 03 48 00 C4 00 92
83 10 F1 22 3F 06 EB : 80 F1 10 B7 62 3F 06 00 9C 03 41 94 50 99 04 50 9B 04 D1 42 14 57 AD 89 26 84 63 91 25 55 49 56 12 AD 24 B4 89 38 77 51 04 D4 45 55 11 59 44 93 51 26 14 4D 05 13 45 45 11 51 56 54 89 55 35 C9 54 18 55 24 95 4D 45 54 61 65 14 59 96 16 9A C5 B6 8D 84 92 61 24 D8 51 56 15 41 85 53 61 64 58 59 46 17 51 86 10 61 85 D8 CE D6 33 E1 8D 2C 63 4B 99 49 56 55 55 96 53 66 18 56 86 15 A1 89 8A ED 12 14 19 40 CD 25 B7 09 29 AE 1B E9 45 1B E9 45 2C B5 92 1B EB BE DA E3 8B 39 AC 8E 5C AB C2 58 A5 C2 60 00 00 14 46 86 4A CE B9 47 21 DC 81 17 B8 88 A8 5F 75 89 49 0F FD BB C0
83 10 F1 22 F1 01 98 : B4 F1 10 62 F1 01 01 01 00 04 10 10 25 8B 00 09 00 00 00 00 00 00 00 06 00 00 04 52 02 0B 1E 08 00 00 04 53 02 0B 3C 08 00 00 04 54 02 05 04 01 00 00 03 48 00 C4 00 92
C3 DF F1 22 25 02 DC : 87 F1 10 62 25 02 00 00 00 01 12  87 F1 18 62 25 02 00 00 00 01 1A  87 F1 56 62 25 02 00 00 00 01 58  87 F1 01 62 25 02 00 00 00 02 04  87 F1 40 62 25 02 00 00 00 02 43  87 F1 2A 62 25 02 00 00 00 00 2B  87 F1 67 62 25 02 00 00 00 00 68  87 F1 64 62 25 02 00 00 00 00 65  87 F1 78 62 25 02 00 00 00 00 79  87 F1 17 62 25 02 00 00 00 00 18  87 F1 6D 62 25 02 00 00 00 00 6E  87 F1 30 62 25 02 00 00 00 01 32  87 F1 12 62 25 02 00 00 00 01 14  87 F1 72 62 25 02 00 00 00 00 73  87 F1 63 62 25 02 00 00 00 00 64  87 F1 02 62 25 02 00 00 00 00 03  87 F1 60 62 25 02 00 00 00 00 61  85 F1 36 62 25 02 00 00 35  87 F1 1C 62 25 02 00 00 00 02 1F  87 F1 00 62 25 02 00 00 00 00 01  87 F1 5E 62 25 02 00 00 00 00 5F  87 F1 73 62 25 02 00 00 00 00 74  87 F1 29 62 25 02 00 00 00 00 2A
C3 DF F1 22 25 04 DE : 8D F1 10 62 25 04 00 64 00 0A 00 20 00 0A 00 0A BB  92 F1 18 62 25 04 01 00 2D 01 00 03 01 00 0A 02 00 02 02 00 05 6E  92 F1 56 62 25 04 01 00 0C 01 00 14 01 00 02 02 00 0A 02 00 10 A7  92 F1 40 62 25 04 01 00 0C 01 00 3C 01 00 02 02 00 01 02 00 10 B0  92 F1 6D 62 25 04 01 00 0A 01 00 19 01 00 0A 02 00 0A 02 00 30 E9  92 F1 63 62 25 04 01 00 78 01 00 3C 01 00 01 02 00 0A 02 00 20 57  92 F1 2A 62 25 04 01 00 0C 01 00 0F 01 00 02 02 00 01 02 00 10 6D  92 F1 30 62 25 04 01 00 0A 01 00 05 01 00 01 02 00 01 02 00 0A 60  8D F1 12 62 25 04 00 78 00 08 00 30 00 04 00 02 D1  92 F1 73 62 25 04 01 00 14 01 00 05 01 00 02 02 00 04 02 00 1E C5  92 F1 01 62 25 04 01 00 04 01 00 02 01 00 01 02 00 01 02 00 08 26  92 F1 02 62 25 04 01 00 0A 01 00 0A 01 00 02 02 00 01 02 00 14 42  92 F1 1C 62 25 04 01 00 A0 01 00 20 01 00 0A 02 00 06 00 00 46 45  92 F1 60 62 25 04 01 00 78 01 00 14 01 00 04 02 00 0A 02 00 3C 4B  92 F1 36 62 25 04 01 02 58 01 02 58 01 00 05 02 00 0A 02 00 14 22  92 F1 67 62 25 04 01 00 1E 01 00 1E 01 00 02 02 00 05 02 00 10 CF  92 F1 00 62 25 04 01 00 0F 01 00 03 01 00 04 02 00 01 02 00 10 3C  92 F1 17 62 25 04 01 00 0C 01 00 0F 01 00 02 02 00 01 02 00 10 5A  92 F1 5E 62 25 04 01 00 20 01 00 20 01 00 02 02 00 03 02 00 10 C8  92 F1 72 62 25 04 01 00 78 01 00 3C 01 00 02 02 00 03 02 00 10 50  92 F1 78 62 25 04 01 00 1E 01 00 1E 01 00 02 02 00 05 02 00 10 E0  92 F1 29 62 25 04 01 00 F0 01 00 3C 01 00 0A 02 00 0A 02 00 28 A6  92 F1 64 62 25 04 01 00 0C 01 00 0A 01 00 02 02 00 06 02 00 10 A7
C3 DF F1 22 F1 8B 31 : 86 F1 10 62 F1 8B 10 10 25 AA  86 F1 18 62 F1 8B 10 10 24 B1  86 F1 56 62 F1 8B 10 02 06 C3  86 F1 00 62 F1 8B 10 10 26 9B  86 F1 40 62 F1 8B 10 10 25 DA  86 F1 73 62 F1 8B 10 10 22 0A  86 F1 01 62 F1 8B 10 10 23 99  86 F1 78 62 F1 8B 10 10 07 F4  86 F1 64 62 F1 8B 10 10 26 FF  86 F1 5E 62 F1 8B 10 10 25 F8  86 F1 67 62 F1 8B 10 01 28 F5  86 F1 17 62 F1 8B 10 10 19 A5  86 F1 6D 62 F1 8B 10 10 19 FB  86 F1 2A 62 F1 8B 10 10 22 C1  86 F1 63 62 F1 8B 10 10 08 E0  86 F1 72 62 F1 8B 10 10 27 0E  86 F1 30 62 F1 8B 10 10 27 CC  86 F1 12 62 F1 8B 10 10 13 9A  86 F1 60 62 F1 8B 10 10 23 F8  86 F1 36 62 F1 8B 10 10 19 C4  86 F1 02 62 F1 8B 10 10 25 9C  86 F1 1C 62 F1 8B 10 10 17 A8  86 F1 29 62 F1 8B 10 10 19 B7
C3 DF F1 22 25 03 DD : 85 F1 10 62 25 03 03 E8 FB  85 F1 56 62 25 03 04 00 5A  85 F1 72 62 25 03 04 00 76  85 F1 00 62 25 03 04 00 04  85 F1 18 62 25 03 FF FF 16  85 F1 67 62 25 03 04 00 6B  85 F1 01 62 25 03 04 00 05  85 F1 2A 62 25 03 04 00 2E  85 F1 40 62 25 03 04 00 44  85 F1 6D 62 25 03 04 00 71  85 F1 64 62 25 03 04 00 68  85 F1 5E 62 25 03 04 00 62  85 F1 78 62 25 03 04 00 7C  85 F1 73 62 25 03 FF FF 71  85 F1 30 62 25 03 03 E8 1B  85 F1 12 62 25 03 08 00 1A  85 F1 63 62 25 03 FF FF 61  85 F1 02 62 25 03 04 00 06  85 F1 60 62 25 03 24 07 8B  85 F1 17 62 25 03 04 00 1B  85 F1 1C 62 25 03 04 00 20  85 F1 29 62 25 03 00 1E 47
83 36 F1 22 25 02 F3 : 85 F1 36 62 25 02 00 00 35
83 36 F1 22 25 03 F4 : 83 F1 36 7F 22 12 5D
83 36 F1 22 F1 86 43 : 85 F1 36 62 F1 86 01 81 07
82 63 F1 10 03 E9 : 86 F1 63 50 03 00 32 01 F4 54
82 63 F1 10 42 28 : 86 F1 63 50 42 00 32 01 F4 93
85 63 F1 31 01 0F 1F 0E 47 : 83 F1 63 7F 31 33 BA
85 63 F1 31 01 0F 1F 04 3D : 80 F1 63 41 71 01 0F 1F 04 00 02 02 02 00 71 00 01 02 00 02 00 72 00 01 02 00 02 00 24 00 01 02 00 02 00 6F 00 01 02 00 02 00 46 00 01 02 00 02 00 1B 00 01 02 00 02 00 88 00 01 00 00 05 00 89 00 01 00 00 05 D1
83 63 F1 22 F1 90 7A : 94 F1 63 62 F1 90 30 30 30 30 30 30 30 30 30 30 30 30 30 30 30 30 30 FB
82 63 F1 10 01 E7 : 86 F1 63 50 01 00 32 01 F4 52
83 12 F1 22 40 2B 13 : 9F F1 12 62 40 2B 01 D8 7C A0 09 27 00 6D 03 00 00 00 00 00 00 FF 00 00 00 00 02 00 00 01 00 00 00 00 06
83 12 F1 22 40 2B 13 : 9F F1 12 62 40 2B 01 D8 7E 48 09 8B 00 6D 03 00 00 00 00 00 00 FF 00 00 00 00 02 00 00 01 00 00 00 00 14
83 40 F1 22 F1 90 57 : 94 F1 40 62 F1 90 57 42 41 46 50 33 31 30 58 42 43 36 32 31 33 32 39 C0
83 12 F1 22 40 2B 13 : 9F F1 12 62 40 2B 01 D1 7E 6C 09 8E 00 6D 03 00 00 00 00 00 00 FF 00 00 00 00 02 00 00 01 00 00 00 00 34
83 10 F1 22 10 0B C1 : B1 F1 10 62 10 0B 46 30 31 30 0A 09 02 0A 46 30 31 30 0A 09 02 0A 46 30 31 30 0A 09 02 0A 00 14 E1 BA A8 BC 40 45 4D A8 90 EE F5 45 B7 7D 00 64 E3 49 A7 B4 75
83 10 F1 22 F1 01 98 : B4 F1 10 62 F1 01 01 01 00 04 10 10 25 8B 00 09 00 00 00 00 00 00 00 06 00 00 04 52 02 0B 1E 08 00 00 04 53 02 0B 3C 08 00 00 04 54 02 05 04 01 00 00 03 48 00 C4 00 92
83 10 F1 22 3F 06 EB : 80 F1 10 B7 62 3F 06 00 9C 03 41 94 50 99 04 50 9B 04 D1 42 14 57 AD 89 26 84 63 91 25 55 49 56 12 AD 24 B4 89 38 77 51 04 D4 45 55 11 59 44 93 51 26 14 4D 05 13 45 45 11 51 56 54 89 55 35 C9 54 18 55 24 95 4D 45 54 61 65 14 59 96 16 9A C5 B6 8D 84 92 61 24 D8 51 56 15 41 85 53 61 64 58 59 46 17 51 86 10 61 85 D8 CE D6 33 E1 8D 2C 63 4B 99 49 56 55 55 96 53 66 18 56 86 15 A1 89 8A ED 12 14 19 40 CD 25 B7 09 29 AE 1B E9 45 1B E9 45 2C B5 92 1B EB BE DA E3 8B 39 AC 8E 5C AB C2 58 A5 C2 60 00 00 14 46 86 4A CE B9 47 21 DC 81 17 B8 88 A8 5F 75 89 49 0F FD BB C0
83 10 F1 22 F1 01 98 : B4 F1 10 62 F1 01 01 01 00 04 10 10 25 8B 00 09 00 00 00 00 00 00 00 06 00 00 04 52 02 0B 1E 08 00 00 04 53 02 0B 3C 08 00 00 04 54 02 05 04 01 00 00 03 48 00 C4 00 92
83 36 F1 22 25 02 F3 : 85 F1 36 62 25 02 00 00 35
83 36 F1 22 25 03 F4 : 83 F1 36 7F 22 12 5D
83 36 F1 22 F1 86 43 : 85 F1 36 62 F1 86 01 81 07
82 63 F1 10 03 E9 : 86 F1 63 50 03 00 32 01 F4 54
82 63 F1 10 42 28 : 86 F1 63 50 42 00 32 01 F4 93
85 63 F1 31 01 0F 1F 0E 47 : 83 F1 63 7F 31 33 BA
85 63 F1 31 01 0F 1F 04 3D : 80 F1 63 41 71 01 0F 1F 04 00 02 02 02 00 71 00 01 02 00 02 00 72 00 01 02 00 02 00 24 00 01 02 00 02 00 6F 00 01 02 00 02 00 46 00 01 02 00 02 00 1B 00 01 02 00 02 00 88 00 01 00 00 05 00 89 00 01 00 00 05 D1
83 63 F1 22 F1 90 7A : 94 F1 63 62 F1 90 30 30 30 30 30 30 30 30 30 30 30 30 30 30 30 30 30 FB
82 63 F1 10 01 E7 : 86 F1 63 50 01 00 32 01 F4 52
83 12 F1 22 40 2B 13 : 9F F1 12 62 40 2B 01 D1 7E 88 09 9E 00 6D 03 00 00 00 00 00 00 FF 00 00 00 00 02 00 00 01 00 00 00 00 60
83 12 F1 22 40 2B 13 : 9F F1 12 62 40 2B 01 D1 7E 94 09 A4 00 6D 03 00 00 00 00 00 00 FF 00 00 00 00 02 00 00 01 00 00 00 00 72
83 40 F1 22 F1 90 57 : 94 F1 40 62 F1 90 57 42 41 46 50 33 31 30 58 42 43 36 32 31 33 32 39 C0
83 12 F1 22 40 2B 13 : 9F F1 12 62 40 2B 01 D1 7E B4 09 A6 00 6D 03 00 00 00 00 00 00 FF 00 00 00 00 02 00 00 01 00 00 00 00 94
83 10 F1 22 10 0B C1 : B1 F1 10 62 10 0B 46 30 31 30 0A 09 02 0A 46 30 31 30 0A 09 02 0A 46 30 31 30 0A 09 02 0A 00 14 E1 BA A8 BC 40 45 4D A8 90 EE F5 45 B7 7D 00 64 E3 49 A7 B4 75
83 10 F1 22 F1 01 98 : B4 F1 10 62 F1 01 01 01 00 04 10 10 25 8B 00 09 00 00 00 00 00 00 00 06 00 00 04 52 02 0B 1E 08 00 00 04 53 02 0B 3C 08 00 00 04 54 02 05 04 01 00 00 03 48 00 C4 00 92
83 10 F1 22 3F 06 EB : 80 F1 10 B7 62 3F 06 00 9C 03 41 94 50 99 04 50 9B 04 D1 42 14 57 AD 89 26 84 63 91 25 55 49 56 12 AD 24 B4 89 38 77 51 04 D4 45 55 11 59 44 93 51 26 14 4D 05 13 45 45 11 51 56 54 89 55 35 C9 54 18 55 24 95 4D 45 54 61 65 14 59 96 16 9A C5 B6 8D 84 92 61 24 D8 51 56 15 41 85 53 61 64 58 59 46 17 51 86 10 61 85 D8 CE D6 33 E1 8D 2C 63 4B 99 49 56 55 55 96 53 66 18 56 86 15 A1 89 8A ED 12 14 19 40 CD 25 B7 09 29 AE 1B E9 45 1B E9 45 2C B5 92 1B EB BE DA E3 8B 39 AC 8E 5C AB C2 58 A5 C2 60 00 00 14 46 86 4A CE B9 47 21 DC 81 17 B8 88 A8 5F 75 89 49 0F FD BB C0
83 10 F1 22 F1 01 98 : B4 F1 10 62 F1 01 01 01 00 04 10 10 25 8B 00 09 00 00 00 00 00 00 00 06 00 00 04 52 02 0B 1E 08 00 00 04 53 02 0B 3C 08 00 00 04 54 02 05 04 01 00 00 03 48 00 C4 00 92
83 36 F1 22 25 03 F4 : 83 F1 36 7F 22 12 5D
83 36 F1 22 F1 86 43 : 85 F1 36 62 F1 86 01 81 07
82 63 F1 10 03 E9 : 86 F1 63 50 03 00 32 01 F4 54
82 63 F1 10 42 28 : 86 F1 63 50 42 00 32 01 F4 93
85 63 F1 31 01 0F 1F 0E 47 : 83 F1 63 7F 31 33 BA
85 63 F1 31 01 0F 1F 04 3D : 80 F1 63 41 71 01 0F 1F 04 00 02 02 02 00 71 00 01 02 00 02 00 72 00 01 02 00 02 00 24 00 01 02 00 02 00 6F 00 01 02 00 02 00 46 00 01 02 00 02 00 1B 00 01 02 00 02 00 88 00 01 00 00 05 00 89 00 01 00 00 05 D1
83 63 F1 22 F1 90 7A : 94 F1 63 62 F1 90 30 30 30 30 30 30 30 30 30 30 30 30 30 30 30 30 30 FB
82 63 F1 10 01 E7 : 86 F1 63 50 01 00 32 01 F4 52
83 12 F1 22 40 2B 13 : 9F F1 12 62 40 2B 01 D1 7E 94 09 AA 00 6D 03 00 00 00 00 00 00 FF 00 00 00 00 02 00 00 01 00 00 00 00 78
83 12 F1 22 40 2B 13 : 9F F1 12 62 40 2B 01 D1 7E 98 09 AD 00 6D 03 00 00 00 00 00 00 FF 00 00 00 00 02 00 00 01 00 00 00 00 7F
83 40 F1 22 F1 90 57 : 94 F1 40 62 F1 90 57 42 41 46 50 33 31 30 58 42 43 36 32 31 33 32 39 C0
83 12 F1 22 40 2B 13 : 9F F1 12 62 40 2B 01 D1 7E A4 09 AC 00 6D 03 00 00 00 00 00 00 FF 00 00 00 00 02 00 00 01 00 00 00 00 8A
83 12 F1 22 40 2B 13 : 9F F1 12 62 40 2B 01 D1 7E AC 09 AD 00 6D 03 00 00 00 00 00 00 FF 00 00 00 00 02 00 00 01 00 00 00 00 93
83 10 F1 22 10 0B C1 : B1 F1 10 62 10 0B 46 30 31 30 0A 09 02 0A 46 30 31 30 0A 09 02 0A 46 30 31 30 0A 09 02 0A 00 14 E1 BA A8 BC 40 45 4D A8 90 EE F5 45 B7 7D 00 64 E3 49 A7 B4 75
83 10 F1 22 F1 01 98 : B4 F1 10 62 F1 01 01 01 00 04 10 10 25 8B 00 09 00 00 00 00 00 00 00 06 00 00 04 52 02 0B 1E 08 00 00 04 53 02 0B 3C 08 00 00 04 54 02 05 04 01 00 00 03 48 00 C4 00 92
83 10 F1 22 3F 06 EB : 80 F1 10 B7 62 3F 06 00 9C 03 41 94 50 99 04 50 9B 04 D1 42 14 57 AD 89 26 84 63 91 25 55 49 56 12 AD 24 B4 89 38 77 51 04 D4 45 55 11 59 44 93 51 26 14 4D 05 13 45 45 11 51 56 54 89 55 35 C9 54 18 55 24 95 4D 45 54 61 65 14 59 96 16 9A C5 B6 8D 84 92 61 24 D8 51 56 15 41 85 53 61 64 58 59 46 17 51 86 10 61 85 D8 CE D6 33 E1 8D 2C 63 4B 99 49 56 55 55 96 53 66 18 56 86 15 A1 89 8A ED 12 14 19 40 CD 25 B7 09 29 AE 1B E9 45 1B E9 45 2C B5 92 1B EB BE DA E3 8B 39 AC 8E 5C AB C2 58 A5 C2 60 00 00 14 46 86 4A CE B9 47 21 DC 81 17 B8 88 A8 5F 75 89 49 0F FD BB C0
83 10 F1 22 F1 01 98 : B4 F1 10 62 F1 01 01 01 00 04 10 10 25 8B 00 09 00 00 00 00 00 00 00 06 00 00 04 52 02 0B 1E 08 00 00 04 53 02 0B 3C 08 00 00 04 54 02 05 04 01 00 00 03 48 00 C4 00 92
83 36 F1 22 25 02 F3 : 85 F1 36 62 25 02 00 00 35
83 36 F1 22 25 03 F4 : 83 F1 36 7F 22 12 5D
83 36 F1 22 F1 86 43 : 85 F1 36 62 F1 86 01 81 07
82 63 F1 10 03 E9 : 86 F1 63 50 03 00 32 01 F4 54
82 63 F1 10 42 28 : 86 F1 63 50 42 00 32 01 F4 93
85 63 F1 31 01 0F 1F 0E 47 : 83 F1 63 7F 31 33 BA
85 63 F1 31 01 0F 1F 04 3D : 80 F1 63 41 71 01 0F 1F 04 00 02 02 02 00 71 00 01 02 00 02 00 72 00 01 02 00 02 00 24 00 01 02 00 02 00 6F 00 01 02 00 02 00 46 00 01 02 00 02 00 1B 00 01 02 00 02 00 88 00 01 00 00 05 00 89 00 01 00 00 05 D1
83 63 F1 22 F1 90 7A : 94 F1 63 62 F1 90 30 30 30 30 30 30 30 30 30 30 30 30 30 30 30 30 30 FB
82 63 F1 10 01 E7 : 86 F1 63 50 01 00 32 01 F4 52
83 12 F1 22 40 2B 13 : 9F F1 12 62 40 2B 01 D1 7E 98 09 AF 00 6D 03 00 00 00 00 00 00 FF 00 00 00 00 02 00 00 01 00 00 00 00 81
83 12 F1 22 40 2B 13 : 9F F1 12 62 40 2B 01 D1 7E B8 09 AF 00 6D 03 00 00 00 00 00 00 FF 00 00 00 00 02 00 00 01 00 00 00 00 A1
83 40 F1 22 F1 90 57 : 94 F1 40 62 F1 90 57 42 41 46 50 33 31 30 58 42 43 36 32 31 33 32 39 C0
83 12 F1 22 40 2B 13 : 9F F1 12 62 40 2B 01 D1 7E B0 09 B0 00 6D 03 00 00 00 00 00 00 FF 00 00 00 00 02 00 00 01 00 00 00 00 9A
83 12 F1 22 40 2B 13 : 9F F1 12 62 40 2B 01 D1 7E 94 09 B0 00 6D 03 00 00 00 00 00 00 FF 00 00 00 00 02 00 00 01 00 00 00 00 7E
83 10 F1 22 10 0B C1 : B1 F1 10 62 10 0B 46 30 31 30 0A 09 02 0A 46 30 31 30 0A 09 02 0A 46 30 31 30 0A 09 02 0A 00 14 E1 BA A8 BC 40 45 4D A8 90 EE F5 45 B7 7D 00 64 E3 49 A7 B4 75
83 10 F1 22 F1 01 98 : B4 F1 10 62 F1 01 01 01 00 04 10 10 25 8B 00 09 00 00 00 00 00 00 00 06 00 00 04 52 02 0B 1E 08 00 00 04 53 02 0B 3C 08 00 00 04 54 02 05 04 01 00 00 03 48 00 C4 00 92
83 10 F1 22 3F 06 EB : 80 F1 10 B7 62 3F 06 00 9C 03 41 94 50 99 04 50 9B 04 D1 42 14 57 AD 89 26 84 63 91 25 55 49 56 12 AD 24 B4 89 38 77 51 04 D4 45 55 11 59 44 93 51 26 14 4D 05 13 45 45 11 51 56 54 89 55 35 C9 54 18 55 24 95 4D 45 54 61 65 14 59 96 16 9A C5 B6 8D 84 92 61 24 D8 51 56 15 41 85 53 61 64 58 59 46 17 51 86 10 61 85 D8 CE D6 33 E1 8D 2C 63 4B 99 49 56 55 55 96 53 66 18 56 86 15 A1 89 8A ED 12 14 19 40 CD 25 B7 09 29 AE 1B E9 45 1B E9 45 2C B5 92 1B EB BE DA E3 8B 39 AC 8E 5C AB C2 58 A5 C2 60 00 00 14 46 86 4A CE B9 47 21 DC 81 17 B8 88 A8 5F 75 89 49 0F FD BB C0
83 10 F1 22 F1 01 98 : B4 F1 10 62 F1 01 01 01 00 04 10 10 25 8B 00 09 00 00 00 00 00 00 00 06 00 00 04 52 02 0B 1E 08 00 00 04 53 02 0B 3C 08 00 00 04 54 02 05 04 01 00 00 03 48 00 C4 00 92
83 36 F1 22 25 02 F3 : 85 F1 36 62 25 02 00 00 35
83 36 F1 22 25 03 F4 : 83 F1 36 7F 22 12 5D
83 36 F1 22 F1 86 43 : 85 F1 36 62 F1 86 01 81 07
82 63 F1 10 03 E9 : 86 F1 63 50 03 00 32 01 F4 54
82 63 F1 10 42 28 : 86 F1 63 50 42 00 32 01 F4 93
85 63 F1 31 01 0F 1F 0E 47 : 83 F1 63 7F 31 33 BA
85 63 F1 31 01 0F 1F 04 3D : 80 F1 63 41 71 01 0F 1F 04 00 02 02 02 00 71 00 01 02 00 02 00 72 00 01 02 00 02 00 24 00 01 02 00 02 00 6F 00 01 02 00 02 00 46 00 01 02 00 02 00 1B 00 01 02 00 02 00 88 00 01 00 00 05 00 89 00 01 00 00 05 D1
83 63 F1 22 F1 90 7A : 94 F1 63 62 F1 90 30 30 30 30 30 30 30 30 30 30 30 30 30 30 30 30 30 FB
82 63 F1 10 01 E7 : 86 F1 63 50 01 00 32 01 F4 52
83 12 F1 22 40 2B 13 : 9F F1 12 62 40 2B 01 D1 7E A8 09 B0 00 6D 03 00 00 00 00 00 00 FF 00 00 00 00 02 00 00 01 00 00 00 00 92
83 12 F1 22 40 2B 13 : 9F F1 12 62 40 2B 01 D1 7E B4 09 B1 00 6D 03 00 00 00 00 00 00 FF 00 00 00 00 02 00 00 01 00 00 00 00 9F
83 40 F1 22 F1 90 57 : 94 F1 40 62 F1 90 57 42 41 46 50 33 31 30 58 42 43 36 32 31 33 32 39 C0
83 12 F1 22 40 2B 13 : 9F F1 12 62 40 2B 01 D1 7E B0 09 B0 00 6D 03 00 00 00 00 00 00 FF 00 00 00 00 02 00 00 01 00 00 00 00 9A
83 12 F1 22 40 2B 13 : 9F F1 12 62 40 2B 01 D1 7E B8 09 B1 00 6D 03 00 00 00 00 00 00 FF 00 00 00 00 02 00 00 01 00 00 00 00 A3
83 10 F1 22 10 0B C1 : B1 F1 10 62 10 0B 46 30 31 30 0A 09 02 0A 46 30 31 30 0A 09 02 0A 46 30 31 30 0A 09 02 0A 00 14 E1 BA A8 BC 40 45 4D A8 90 EE F5 45 B7 7D 00 64 E3 49 A7 B4 75
83 10 F1 22 F1 01 98 : B4 F1 10 62 F1 01 01 01 00 04 10 10 25 8B 00 09 00 00 00 00 00 00 00 06 00 00 04 52 02 0B 1E 08 00 00 04 53 02 0B 3C 08 00 00 04 54 02 05 04 01 00 00 03 48 00 C4 00 92
83 10 F1 22 3F 06 EB : 80 F1 10 B7 62 3F 06 00 9C 03 41 94 50 99 04 50 9B 04 D1 42 14 57 AD 89 26 84 63 91 25 55 49 56 12 AD 24 B4 89 38 77 51 04 D4 45 55 11 59 44 93 51 26 14 4D 05 13 45 45 11 51 56 54 89 55 35 C9 54 18 55 24 95 4D 45 54 61 65 14 59 96 16 9A C5 B6 8D 84 92 61 24 D8 51 56 15 41 85 53 61 64 58 59 46 17 51 86 10 61 85 D8 CE D6 33 E1 8D 2C 63 4B 99 49 56 55 55 96 53 66 18 56 86 15 A1 89 8A ED 12 14 19 40 CD 25 B7 09 29 AE 1B E9 45 1B E9 45 2C B5 92 1B EB BE DA E3 8B 39 AC 8E 5C AB C2 58 A5 C2 60 00 00 14 46 86 4A CE B9 47 21 DC 81 17 B8 88 A8 5F 75 89 49 0F FD BB C0
83 10 F1 22 F1 01 98 : B4 F1 10 62 F1 01 01 01 00 04 10 10 25 8B 00 09 00 00 00 00 00 00 00 06 00 00 04 52 02 0B 1E 08 00 00 04 53 02 0B 3C 08 00 00 04 54 02 05 04 01 00 00 03 48 00 C4 00 92
83 12 F1 22 40 2B 13 : 9F F1 12 62 40 2B 01 D1 7E C4 09 B1 00 6D 03 00 00 00 00 00 00 FF 00 00 00 00 02 00 00 01 00 00 00 00 AF
83 12 F1 22 40 2B 13 : 9F F1 12 62 40 2B 01 D1 7E BC 09 B1 00 6D 03 00 00 00 00 00 00 FF 00 00 00 00 02 00 00 01 00 00 00 00 A7
83 40 F1 22 F1 90 57 : 94 F1 40 62 F1 90 57 42 41 46 50 33 31 30 58 42 43 36 32 31 33 32 39 C0
83 12 F1 22 40 2B 13 : 9F F1 12 62 40 2B 01 D1 7E A8 09 B1 00 6D 03 00 00 00 00 00 00 FF 00 00 00 00 02 00 00 01 00 00 00 00 93
83 10 F1 22 10 0B C1 : B1 F1 10 62 10 0B 46 30 31 30 0A 09 02 0A 46 30 31 30 0A 09 02 0A 46 30 31 30 0A 09 02 0A 00 14 E1 BA A8 BC 40 45 4D A8 90 EE F5 45 B7 7D 00 64 E3 49 A7 B4 75
83 10 F1 22 F1 01 98 : B4 F1 10 62 F1 01 01 01 00 04 10 10 25 8B 00 09 00 00 00 00 00 00 00 06 00 00 04 52 02 0B 1E 08 00 00 04 53 02 0B 3C 08 00 00 04 54 02 05 04 01 00 00 03 48 00 C4 00 92
83 10 F1 22 3F 06 EB : 80 F1 10 B7 62 3F 06 00 9C 03 41 94 50 99 04 50 9B 04 D1 42 14 57 AD 89 26 84 63 91 25 55 49 56 12 AD 24 B4 89 38 77 51 04 D4 45 55 11 59 44 93 51 26 14 4D 05 13 45 45 11 51 56 54 89 55 35 C9 54 18 55 24 95 4D 45 54 61 65 14 59 96 16 9A C5 B6 8D 84 92 61 24 D8 51 56 15 41 85 53 61 64 58 59 46 17 51 86 10 61 85 D8 CE D6 33 E1 8D 2C 63 4B 99 49 56 55 55 96 53 66 18 56 86 15 A1 89 8A ED 12 14 19 40 CD 25 B7 09 29 AE 1B E9 45 1B E9 45 2C B5 92 1B EB BE DA E3 8B 39 AC 8E 5C AB C2 58 A5 C2 60 00 00 14 46 86 4A CE B9 47 21 DC 81 17 B8 88 A8 5F 75 89 49 0F FD BB C0
83 10 F1 22 F1 01 98 : B4 F1 10 62 F1 01 01 01 00 04 10 10 25 8B 00 09 00 00 00 00 00 00 00 06 00 00 04 52 02 0B 1E 08 00 00 04 53 02 0B 3C 08 00 00 04 54 02 05 04 01 00 00 03 48 00 C4 00 92
83 36 F1 22 25 02 F3 : 85 F1 36 62 25 02 00 00 35
83 36 F1 22 25 03 F4 : 83 F1 36 7F 22 12 5D
83 36 F1 22 F1 86 43 : 85 F1 36 62 F1 86 01 81 07
82 63 F1 10 03 E9 : 86 F1 63 50 03 00 32 01 F4 54
82 63 F1 10 42 28 : 86 F1 63 50 42 00 32 01 F4 93
85 63 F1 31 01 0F 1F 0E 47 : 83 F1 63 7F 31 33 BA
85 63 F1 31 01 0F 1F 04 3D : 80 F1 63 41 71 01 0F 1F 04 00 02 02 02 00 71 00 01 02 00 02 00 72 00 01 02 00 02 00 24 00 01 02 00 02 00 6F 00 01 02 00 02 00 46 00 01 02 00 02 00 1B 00 01 02 00 02 00 88 00 01 00 00 05 00 89 00 01 00 00 05 D1
83 63 F1 22 F1 90 7A : 94 F1 63 62 F1 90 30 30 30 30 30 30 30 30 30 30 30 30 30 30 30 30 30 FB
82 63 F1 10 01 E7 : 86 F1 63 50 01 00 32 01 F4 52
83 12 F1 22 40 2B 13 : 9F F1 12 62 40 2B 01 D1 7E C8 09 B2 00 6D 03 00 00 00 00 00 00 FF 00 00 00 00 02 00 00 01 00 00 00 00 B4
83 12 F1 22 40 2B 13 : 9F F1 12 62 40 2B 01 D1 7E B8 09 B1 00 6D 03 00 00 00 00 00 00 FF 00 00 00 00 02 00 00 01 00 00 00 00 A3
83 12 F1 22 40 2B 13 : 9F F1 12 62 40 2B 01 D1 7E 98 09 B1 00 6D 03 00 00 00 00 00 00 FF 00 00 00 00 02 00 00 01 00 00 00 00 83
83 40 F1 22 F1 90 57 : 94 F1 40 62 F1 90 57 42 41 46 50 33 31 30 58 42 43 36 32 31 33 32 39 C0
83 30 F1 22 25 02 ED : 87 F1 30 62 25 02 00 00 00 01 32
83 12 F1 22 40 2B 13 : 9F F1 12 62 40 2B 01 D1 7E CC 09 B1 00 6D 03 00 00 00 00 00 00 FF 00 00 00 00 02 00 00 01 00 00 00 00 B7
83 12 F1 22 40 2B 13 : 9F F1 12 62 40 2B 01 D1 7E BC 09 B2 00 6D 03 00 00 00 00 00 00 FF 00 00 00 00 02 00 00 01 00 00 00 00 A8
83 63 F1 22 25 04 22 : 92 F1 63 62 25 04 01 00 78 01 00 3C 01 00 01 02 00 0A 02 00 20 57
C3 DF F1 22 F1 86 2C : 85 F1 10 62 F1 86 01 81 E1  85 F1 56 62 F1 86 01 81 27  85 F1 00 62 F1 86 01 81 D1  85 F1 5E 62 F1 86 01 81 2F  85 F1 64 62 F1 86 01 81 35  85 F1 72 62 F1 86 01 81 43  85 F1 17 62 F1 86 01 81 E8  85 F1 78 62 F1 86 01 81 49  85 F1 18 62 F1 86 01 81 E9  85 F1 6D 62 F1 86 01 81 3E  85 F1 01 62 F1 86 01 81 D2  85 F1 40 62 F1 86 01 81 11  85 F1 2A 62 F1 86 01 81 FB  85 F1 67 62 F1 86 01 81 38  85 F1 73 62 F1 86 01 81 44  85 F1 30 62 F1 86 01 81 01  85 F1 02 62 F1 86 01 81 D3  85 F1 63 62 F1 86 01 81 34  85 F1 1C 62 F1 86 01 81 ED  85 F1 12 62 F1 86 01 81 E3  85 F1 60 62 F1 86 01 81 31  85 F1 36 62 F1 86 01 81 07  85 F1 29 62 F1 86 01 81 FA
8A F0 F1 31 01 0F 0B 2A 00 03 86 40 02 AC : 8B F1 F0 71 01 0F 0B 2A 00 04 C6 40 00 02 2E
8A F0 F1 31 01 0F 0B 64 00 03 86 40 02 E6 : 8B F1 F0 71 01 0F 0B 64 00 04 C6 40 00 02 68
8A F0 F1 31 01 0F 0B 36 00 03 86 40 02 B8 : 8B F1 F0 71 01 0F 0B 36 00 04 C6 40 00 02 3A
8A F0 F1 31 01 0F 0B 73 00 03 86 40 02 F5 : 8B F1 F0 71 01 0F 0B 73 00 04 C6 40 00 02 77
8A F0 F1 31 01 0F 0B 01 00 03 86 40 02 83 : 8B F1 F0 71 01 0F 0B 01 00 04 C6 40 00 02 05
8A F0 F1 31 01 0F 0B 12 00 03 86 40 02 94 : 8B F1 F0 71 01 0F 0B 12 00 04 C6 40 00 02 16
8A F0 F1 31 01 0F 0B 18 00 03 86 40 02 9A : 8B F1 F0 71 01 0F 0B 18 00 04 C6 40 00 02 1C
8A F0 F1 31 01 0F 0B 5E 00 03 86 40 02 E0 : 8B F1 F0 71 01 0F 0B 5E 00 04 C6 40 00 02 62
8A F0 F1 31 01 0F 0B 67 00 03 86 40 02 E9 : 8B F1 F0 71 01 0F 0B 67 00 04 C6 40 00 02 6B
8A F0 F1 31 01 0F 0B 72 00 03 86 40 02 F4 : 8B F1 F0 71 01 0F 0B 72 00 04 C6 40 00 02 76
8A F0 F1 31 01 0F 0B 56 00 03 86 40 02 D8 : 8B F1 F0 71 01 0F 0B 56 00 04 C6 40 00 02 5A
8A F0 F1 31 01 0F 0B 78 00 03 86 40 02 FA : 8B F1 F0 71 01 0F 0B 78 00 04 C6 40 00 02 7C
8A F0 F1 31 01 0F 0B 63 00 03 86 40 02 E5 : 8B F1 F0 71 01 0F 0B 63 00 04 C6 40 00 02 67
8A F0 F1 31 01 0F 0B 6D 00 03 86 40 02 EF : 8B F1 F0 71 01 0F 0B 6D 00 04 C6 40 00 02 71
8A F0 F1 31 01 0F 0B 40 00 03 86 40 02 C2 : 8B F1 F0 71 01 0F 0B 40 00 04 C6 40 00 02 44
8A F0 F1 31 01 0F 0B 1C 00 03 86 40 02 9E : 8B F1 F0 71 01 0F 0B 1C 00 04 C6 40 00 02 20
8A F0 F1 31 01 0F 0B 60 00 03 86 40 02 E2 : 8B F1 F0 71 01 0F 0B 60 00 04 C6 40 00 02 64
8A F0 F1 31 01 0F 0B 29 00 03 86 40 02 AB : 8B F1 F0 71 01 0F 0B 29 00 04 C6 40 00 02 2D
8A F0 F1 31 01 0F 0B 30 00 03 86 40 02 B2 : 8B F1 F0 71 01 0F 0B 30 00 04 C6 40 00 02 34
8A F0 F1 31 01 0F 0B 10 00 03 86 40 02 92 : 8B F1 F0 71 01 0F 0B 10 00 04 C6 40 00 02 14
8A F0 F1 31 01 0F 0B 02 00 03 86 40 02 84 : 8B F1 F0 71 01 0F 0B 02 00 04 C6 40 00 02 06
8A F0 F1 31 01 0F 0B 00 00 03 86 40 02 82 : 8B F1 F0 71 01 0F 0B 00 00 04 C6 40 00 02 04
8A F0 F1 31 01 0F 0B 17 00 03 86 40 02 99 : 8B F1 F0 71 01 0F 0B 17 00 04 C6 40 00 02 1B
83 63 F1 22 F1 01 EB : 80 F1 63 64 62 F1 01 01 01 00 0A 10 10 08 8B 00 00 00 00 00 00 00 00 00 01 00 00 08 02 0B 00 00 06 00 00 0A 13 00 1D 02 08 00 00 0A 24 00 1D 02 08 00 00 0A 34 00 1D 00 08 00 00 0A 25 00 1D 00 08 00 00 0A 26 00 1D 00 07 00 00 0A 2B 00 1D 00 0C 00 00 0A 1F 03 12 AC 08 00 00 0A 36 00 1D 00 05 00 00 00 F9 05 12 0B D8
82 63 F1 10 03 E9 : 86 F1 63 50 03 00 32 01 F4 54
83 63 F1 22 24 04 21 : 84 F1 63 62 24 04 00 62
82 63 F1 10 03 E9 : 86 F1 63 50 03 00 32 01 F4 54
82 63 F1 10 03 E9 : 86 F1 63 50 03 00 32 01 F4 54
;89 63 F1 31 01 10 02 01 00 00 00 00 22 : 83 F1 63 7F 31 22 A9
82 63 F1 10 01 E7 : 86 F1 63 50 01 00 32 01 F4 52
83 63 F1 22 F1 86 70 : 85 F1 63 62 F1 86 01 81 34
82 63 F1 10 03 E9 : 86 F1 63 50 03 00 32 01 F4 54
83 63 F1 22 24 04 21 : 84 F1 63 62 24 04 00 62
82 63 F1 10 03 E9 : 86 F1 63 50 03 00 32 01 F4 54
82 63 F1 10 03 E9 : 86 F1 63 50 03 00 32 01 F4 54
;89 63 F1 31 01 10 02 01 00 00 00 00 22 : 83 F1 63 7F 31 22 A9
82 63 F1 10 01 E7 : 86 F1 63 50 01 00 32 01 F4 52
83 63 F1 22 F1 86 70 : 85 F1 63 62 F1 86 01 81 34
82 63 F1 10 03 E9 : 86 F1 63 50 03 00 32 01 F4 54
83 63 F1 22 24 04 21 : 84 F1 63 62 24 04 00 62
82 63 F1 10 03 E9 : 86 F1 63 50 03 00 32 01 F4 54
82 63 F1 10 03 E9 : 86 F1 63 50 03 00 32 01 F4 54
;89 63 F1 31 01 10 02 01 00 00 00 00 22 : 83 F1 63 7F 31 22 A9
82 63 F1 10 01 E7 : 86 F1 63 50 01 00 32 01 F4 52
83 63 F1 22 F1 86 70 : 85 F1 63 62 F1 86 01 81 34
82 63 F1 10 03 E9 : 86 F1 63 50 03 00 32 01 F4 54
83 63 F1 22 24 04 21 : 84 F1 63 62 24 04 00 62
82 63 F1 10 03 E9 : 86 F1 63 50 03 00 32 01 F4 54
82 63 F1 10 03 E9 : 86 F1 63 50 03 00 32 01 F4 54
;89 63 F1 31 01 10 02 01 00 00 00 00 22 : 83 F1 63 7F 31 22 A9
82 63 F1 10 01 E7 : 86 F1 63 50 01 00 32 01 F4 52
83 63 F1 22 F1 86 70 : 85 F1 63 62 F1 86 01 81 34
83 63 F1 22 F1 86 70 : 85 F1 63 62 F1 86 01 81 34
82 63 F1 10 01 E7 : 86 F1 63 50 01 00 32 01 F4 52
C3 DF F1 22 F1 86 2C : 85 F1 10 62 F1 86 01 81 E1  85 F1 56 62 F1 86 01 81 27  85 F1 5E 62 F1 86 01 81 2F  85 F1 64 62 F1 86 01 81 35  85 F1 18 62 F1 86 01 81 E9  85 F1 72 62 F1 86 01 81 43  85 F1 78 62 F1 86 01 81 49  85 F1 01 62 F1 86 01 81 D2  85 F1 2A 62 F1 86 01 81 FB  85 F1 40 62 F1 86 01 81 11  85 F1 67 62 F1 86 01 81 38  85 F1 6D 62 F1 86 01 81 3E  85 F1 17 62 F1 86 01 81 E8  85 F1 30 62 F1 86 01 81 01  85 F1 02 62 F1 86 01 81 D3  85 F1 63 62 F1 86 01 81 34  85 F1 1C 62 F1 86 01 81 ED  85 F1 00 62 F1 86 01 81 D1  85 F1 73 62 F1 86 01 81 44  85 F1 12 62 F1 86 01 81 E3  85 F1 60 62 F1 86 01 81 31  85 F1 36 62 F1 86 01 81 07  85 F1 29 62 F1 86 01 81 FA
8A F0 F1 31 01 0F 0B 2A 00 03 86 45 02 B1 : 8B F1 F0 71 01 0F 0B 2A 00 04 C6 45 00 02 33
8A F0 F1 31 01 0F 0B 64 00 03 86 45 02 EB : 8B F1 F0 71 01 0F 0B 64 00 04 C6 45 00 02 6D
8A F0 F1 31 01 0F 0B 36 00 03 86 45 02 BD : 8B F1 F0 71 01 0F 0B 36 00 04 C6 45 00 02 3F
8A F0 F1 31 01 0F 0B 73 00 03 86 45 02 FA : 8B F1 F0 71 01 0F 0B 73 00 04 C6 45 00 02 7C
8A F0 F1 31 01 0F 0B 01 00 03 86 45 02 88 : 8B F1 F0 71 01 0F 0B 01 00 04 C6 45 00 02 0A
8A F0 F1 31 01 0F 0B 12 00 03 86 45 02 99 : 8B F1 F0 71 01 0F 0B 12 00 04 C6 45 00 02 1B
8A F0 F1 31 01 0F 0B 18 00 03 86 45 02 9F : 8B F1 F0 71 01 0F 0B 18 00 04 C6 45 00 02 21
8A F0 F1 31 01 0F 0B 5E 00 03 86 45 02 E5 : 8B F1 F0 71 01 0F 0B 5E 00 04 C6 45 00 02 67
8A F0 F1 31 01 0F 0B 67 00 03 86 45 02 EE : 8B F1 F0 71 01 0F 0B 67 00 04 C6 45 00 02 70
8A F0 F1 31 01 0F 0B 72 00 03 86 45 02 F9 : 8B F1 F0 71 01 0F 0B 72 00 04 C6 45 00 02 7B
8A F0 F1 31 01 0F 0B 56 00 03 86 45 02 DD : 8B F1 F0 71 01 0F 0B 56 00 04 C6 45 00 02 5F
8A F0 F1 31 01 0F 0B 78 00 03 86 45 02 FF : 8B F1 F0 71 01 0F 0B 78 00 04 C6 45 00 02 81
8A F0 F1 31 01 0F 0B 63 00 03 86 45 02 EA : 8B F1 F0 71 01 0F 0B 63 00 04 C6 45 00 02 6C
8A F0 F1 31 01 0F 0B 6D 00 03 86 45 02 F4 : 8B F1 F0 71 01 0F 0B 6D 00 04 C6 45 00 02 76
8A F0 F1 31 01 0F 0B 40 00 03 86 45 02 C7 : 8B F1 F0 71 01 0F 0B 40 00 04 C6 45 00 02 49
8A F0 F1 31 01 0F 0B 1C 00 03 86 45 02 A3 : 8B F1 F0 71 01 0F 0B 1C 00 04 C6 45 00 02 25
8A F0 F1 31 01 0F 0B 60 00 03 86 45 02 E7 : 8B F1 F0 71 01 0F 0B 60 00 04 C6 45 00 02 69
8A F0 F1 31 01 0F 0B 29 00 03 86 45 02 B0 : 8B F1 F0 71 01 0F 0B 29 00 04 C6 45 00 02 32
8A F0 F1 31 01 0F 0B 30 00 03 86 45 02 B7 : 8B F1 F0 71 01 0F 0B 30 00 04 C6 45 00 02 39
8A F0 F1 31 01 0F 0B 10 00 03 86 45 02 97 : 8B F1 F0 71 01 0F 0B 10 00 04 C6 45 00 02 19
8A F0 F1 31 01 0F 0B 02 00 03 86 45 02 89 : 8B F1 F0 71 01 0F 0B 02 00 04 C6 45 00 02 0B
8A F0 F1 31 01 0F 0B 00 00 03 86 45 02 87 : 8B F1 F0 71 01 0F 0B 00 00 04 C6 45 00 02 09
8A F0 F1 31 01 0F 0B 17 00 03 86 45 02 9E : 8B F1 F0 71 01 0F 0B 17 00 04 C6 45 00 02 20
83 12 F1 22 40 2B 13 : 9F F1 12 62 40 2B 01 D1 65 D0 0A F1 00 6D 03 00 00 00 00 00 00 FF 00 00 00 00 02 00 00 01 00 00 00 00 E3
83 12 F1 22 40 2B 13 : 9F F1 12 62 40 2B 01 D1 65 C4 0A F1 00 6D 03 00 00 00 00 00 00 FF 00 00 00 00 02 00 00 01 00 00 00 00 D7
83 12 F1 22 40 2B 13 : 9F F1 12 62 40 2B 01 D1 65 C0 0A F0 00 6D 03 00 00 00 00 00 00 FF 00 00 00 00 02 00 00 01 00 00 00 00 D2
83 12 F1 22 40 2B 13 : 9F F1 12 62 40 2B 01 D8 6A 80 06 80 00 6D 03 00 00 00 00 00 00 FF 00 00 00 00 02 00 00 01 00 00 00 00 2A
83 30 F1 22 25 04 EF : 92 F1 30 62 25 04 01 00 0A 01 00 05 01 00 01 02 00 01 02 00 0A 60
83 2A F1 22 25 04 E9 : 92 F1 2A 62 25 04 01 00 0C 01 00 0F 01 00 02 02 00 01 02 00 10 6D
83 64 F1 22 25 04 23 : 92 F1 64 62 25 04 01 00 0C 01 00 0A 01 00 02 02 00 06 02 00 10 A7
83 36 F1 22 25 04 F5 : 92 F1 36 62 25 04 01 02 58 01 02 58 01 00 05 02 00 0A 02 00 14 22
83 73 F1 22 25 04 32 : 92 F1 73 62 25 04 01 00 14 01 00 05 01 00 02 02 00 04 02 00 1E C5
83 01 F1 22 25 04 C0 : 92 F1 01 62 25 04 01 00 04 01 00 02 01 00 01 02 00 01 02 00 08 26
83 12 F1 22 25 04 D1 : 8D F1 12 62 25 04 00 78 00 08 00 30 00 04 00 02 D1
83 18 F1 22 25 04 D7 : 92 F1 18 62 25 04 01 00 2D 01 00 03 01 00 0A 02 00 02 02 00 05 6E
83 5E F1 22 25 04 1D : 92 F1 5E 62 25 04 01 00 20 01 00 20 01 00 02 02 00 03 02 00 10 C8
83 67 F1 22 25 04 26 : 92 F1 67 62 25 04 01 00 1E 01 00 1E 01 00 02 02 00 05 02 00 10 CF
83 72 F1 22 25 04 31 : 92 F1 72 62 25 04 01 00 78 01 00 3C 01 00 02 02 00 03 02 00 10 50
83 56 F1 22 25 04 15 : 92 F1 56 62 25 04 01 00 0C 01 00 14 01 00 02 02 00 0A 02 00 10 A7
83 78 F1 22 25 04 37 : 92 F1 78 62 25 04 01 00 1E 01 00 1E 01 00 02 02 00 05 02 00 10 E0
83 63 F1 22 25 04 22 : 92 F1 63 62 25 04 01 00 78 01 00 3C 01 00 01 02 00 0A 02 00 20 57
83 6D F1 22 25 04 2C : 92 F1 6D 62 25 04 01 00 0A 01 00 19 01 00 0A 02 00 0A 02 00 30 E9
83 40 F1 22 25 04 FF : 92 F1 40 62 25 04 01 00 0C 01 00 3C 01 00 02 02 00 01 02 00 10 B0
83 1C F1 22 25 04 DB : 92 F1 1C 62 25 04 01 00 A0 01 00 20 01 00 0A 02 00 06 00 00 46 45
83 60 F1 22 25 04 1F : 92 F1 60 62 25 04 01 00 78 01 00 14 01 00 04 02 00 0A 02 00 3C 4B
83 29 F1 22 25 04 E8 : 92 F1 29 62 25 04 01 00 F0 01 00 3C 01 00 0A 02 00 0A 02 00 28 A6
83 02 F1 22 25 04 C1 : 92 F1 02 62 25 04 01 00 0A 01 00 0A 01 00 02 02 00 01 02 00 14 42
83 00 F1 22 25 04 BF : 92 F1 00 62 25 04 01 00 0F 01 00 03 01 00 04 02 00 01 02 00 10 3C
83 17 F1 22 25 04 D6 : 92 F1 17 62 25 04 01 00 0C 01 00 0F 01 00 02 02 00 01 02 00 10 5A
83 30 F1 22 25 02 ED : 87 F1 30 62 25 02 00 00 00 01 32
C3 DF F1 22 10 0A CF : 84 F1 10 62 10 0A 00 01  84 F1 40 62 10 0A 00 31  84 F1 56 62 10 0A 00 47  84 F1 6D 62 10 0A 00 5E  84 F1 5E 62 10 0A 00 4F  84 F1 73 62 10 0A 00 64  84 F1 64 62 10 0A 00 55  84 F1 01 62 10 0A 00 F2  84 F1 78 62 10 0A 00 69  84 F1 17 62 10 0A 00 08  84 F1 2A 62 10 0A 00 1B  84 F1 00 62 10 0A 00 F1  84 F1 72 62 10 0A 00 63  84 F1 67 62 10 0A 00 58  84 F1 30 62 10 0A 00 21  84 F1 02 62 10 0A 00 F3  84 F1 18 62 10 0A 00 09  84 F1 63 62 10 0A 00 54  84 F1 1C 62 10 0A 00 0D  84 F1 12 62 10 0A 00 03  84 F1 60 62 10 0A 00 51  84 F1 36 62 10 0A 00 27  84 F1 29 62 10 0A 00 1A
C3 DF F1 22 F1 86 2C : 85 F1 10 62 F1 86 01 81 E1  85 F1 56 62 F1 86 01 81 27  85 F1 18 62 F1 86 01 81 E9  85 F1 00 62 F1 86 01 81 D1  85 F1 40 62 F1 86 01 81 11  85 F1 67 62 F1 86 01 81 38  85 F1 01 62 F1 86 01 81 D2  85 F1 72 62 F1 86 01 81 43  85 F1 6D 62 F1 86 01 81 3E  85 F1 64 62 F1 86 01 81 35  85 F1 5E 62 F1 86 01 81 2F  85 F1 2A 62 F1 86 01 81 FB  85 F1 17 62 F1 86 01 81 E8  85 F1 73 62 F1 86 01 81 44  85 F1 78 62 F1 86 01 81 49  85 F1 30 62 F1 86 01 81 01  85 F1 12 62 F1 86 01 81 E3  85 F1 63 62 F1 86 01 81 34  85 F1 02 62 F1 86 01 81 D3  85 F1 1C 62 F1 86 01 81 ED  85 F1 60 62 F1 86 01 81 31  85 F1 36 62 F1 86 01 81 07  85 F1 29 62 F1 86 01 81 FA
8A F0 F1 31 01 0F 0B 2A 00 03 86 40 02 AC : 8B F1 F0 71 01 0F 0B 2A 00 04 C6 40 00 02 2E
8A F0 F1 31 01 0F 0B 64 00 03 86 40 02 E6 : 8B F1 F0 71 01 0F 0B 64 00 04 C6 40 00 02 68
8A F0 F1 31 01 0F 0B 36 00 03 86 40 02 B8 : 8B F1 F0 71 01 0F 0B 36 00 04 C6 40 00 02 3A
8A F0 F1 31 01 0F 0B 73 00 03 86 40 02 F5 : 8B F1 F0 71 01 0F 0B 73 00 04 C6 40 00 02 77
8A F0 F1 31 01 0F 0B 01 00 03 86 40 02 83 : 8B F1 F0 71 01 0F 0B 01 00 04 C6 40 00 02 05
8A F0 F1 31 01 0F 0B 12 00 03 86 40 02 94 : 8A F1 F0 71 01 0F 0B 12 00 03 7F 86 22 33
8A F0 F1 31 01 0F 0B 18 00 03 86 40 02 9A : 8B F1 F0 71 01 0F 0B 18 00 04 C6 40 00 02 1C
8A F0 F1 31 01 0F 0B 5E 00 03 86 40 02 E0 : 8B F1 F0 71 01 0F 0B 5E 00 04 C6 40 00 02 62
8A F0 F1 31 01 0F 0B 67 00 03 86 40 02 E9 : 8B F1 F0 71 01 0F 0B 67 00 04 C6 40 00 02 6B
8A F0 F1 31 01 0F 0B 72 00 03 86 40 02 F4 : 8B F1 F0 71 01 0F 0B 72 00 04 C6 40 00 02 76
8A F0 F1 31 01 0F 0B 56 00 03 86 40 02 D8 : 8B F1 F0 71 01 0F 0B 56 00 04 C6 40 00 02 5A
8A F0 F1 31 01 0F 0B 78 00 03 86 40 02 FA : 8B F1 F0 71 01 0F 0B 78 00 04 C6 40 00 02 7C
8A F0 F1 31 01 0F 0B 63 00 03 86 40 02 E5 : 8B F1 F0 71 01 0F 0B 63 00 04 C6 40 00 02 67
8A F0 F1 31 01 0F 0B 6D 00 03 86 40 02 EF : 8B F1 F0 71 01 0F 0B 6D 00 04 C6 40 00 02 71
8A F0 F1 31 01 0F 0B 40 00 03 86 40 02 C2 : 8B F1 F0 71 01 0F 0B 40 00 04 C6 40 00 02 44
8A F0 F1 31 01 0F 0B 1C 00 03 86 40 02 9E : 8B F1 F0 71 01 0F 0B 1C 00 04 C6 40 00 02 20
8A F0 F1 31 01 0F 0B 60 00 03 86 40 02 E2 : 8B F1 F0 71 01 0F 0B 60 00 04 C6 40 00 02 64
8A F0 F1 31 01 0F 0B 29 00 03 86 40 02 AB : 8B F1 F0 71 01 0F 0B 29 00 04 C6 40 00 02 2D
8A F0 F1 31 01 0F 0B 30 00 03 86 40 02 B2 : 8B F1 F0 71 01 0F 0B 30 00 04 C6 40 00 02 34
8A F0 F1 31 01 0F 0B 10 00 03 86 40 02 92 : 8B F1 F0 71 01 0F 0B 10 00 04 C6 40 00 02 14
8A F0 F1 31 01 0F 0B 02 00 03 86 40 02 84 : 8B F1 F0 71 01 0F 0B 02 00 04 C6 40 00 02 06
8A F0 F1 31 01 0F 0B 00 00 03 86 40 02 82 : 8B F1 F0 71 01 0F 0B 00 00 04 C6 40 00 02 04
8A F0 F1 31 01 0F 0B 17 00 03 86 40 02 99 : 8B F1 F0 71 01 0F 0B 17 00 04 C6 40 00 02 1B
C2 DF F1 10 03 A5 : 86 F1 10 50 03 00 32 01 F4 01  86 F1 56 50 03 00 32 01 F4 47  86 F1 72 50 03 00 FA 01 F4 2B  86 F1 5E 50 03 00 FA 01 F4 17  86 F1 00 50 03 00 FA 01 F4 B9  86 F1 6D 50 03 00 32 01 F4 5E  86 F1 01 50 03 00 FA 01 F4 BA  86 F1 18 50 03 00 32 01 F4 09  86 F1 73 50 03 00 FA 01 F4 2C  86 F1 67 50 03 00 32 01 F4 58  86 F1 2A 50 03 00 32 01 C2 E9  86 F1 40 50 03 00 FA 01 F4 F9  86 F1 78 50 03 00 32 01 F4 69  86 F1 64 50 03 00 FA 01 F4 1D  86 F1 63 50 03 00 32 01 F4 54  86 F1 30 50 03 01 2C 01 F4 1C  86 F1 12 50 03 00 32 01 F4 03  86 F1 17 50 03 00 FA 01 F4 D0  86 F1 02 50 03 01 2C 01 F4 EE  86 F1 1C 50 03 01 2C 01 F4 08  86 F1 60 50 03 00 C8 01 F4 E7  82 F1 36 50 03 FC  82 F1 29 50 03 EF
C5 DF F1 31 01 0F 0C 03 E5 : 83 F1 10 7F 31 22 56  83 F1 56 7F 31 22 9C  83 F1 18 7F 31 22 5E  83 F1 40 7F 31 22 86  83 F1 64 7F 31 22 AA  83 F1 01 7F 31 22 47  83 F1 17 7F 31 22 5D  83 F1 00 7F 31 22 46  83 F1 5E 7F 31 22 A4  83 F1 6D 7F 31 22 B3  83 F1 78 7F 31 22 BE  83 F1 2A 7F 31 22 70  83 F1 67 7F 31 22 AD  83 F1 73 7F 31 22 B9  83 F1 63 7F 31 22 A9  83 F1 72 7F 31 22 B8  83 F1 30 7F 31 22 76  83 F1 12 7F 31 22 58  83 F1 02 7F 31 22 48  83 F1 29 7F 31 22 6F  83 F1 60 7F 31 22 A6  83 F1 36 7F 31 22 7C  83 F1 1C 7F 31 22 62
83 10 F1 22 F1 86 1D : 85 F1 10 62 F1 86 01 81 E1
84 10 F1 31 01 02 03 BC : 84 F1 10 71 01 02 03 FC
85 10 F1 31 01 0F 0C 00 D3 : 84 F1 10 71 01 0F 0C 12
82 10 F1 10 01 94 : 86 F1 10 50 01 00 32 01 F4 FF
82 10 F1 10 03 96 : 86 F1 10 50 03 00 32 01 F4 01
85 10 F1 31 01 0F 0C 03 D6 : 84 F1 10 71 01 0F 0C 12
83 56 F1 22 F1 86 63 : 85 F1 56 62 F1 86 01 81 27
84 56 F1 31 01 02 03 02 : 83 F1 56 7F 31 31 AB
83 18 F1 22 F1 86 25 : 85 F1 18 62 F1 86 01 81 E9
84 18 F1 31 01 02 03 C4 : 87 F1 18 71 01 02 03 01 03 C1 CC
85 18 F1 31 01 0F 0C 00 DB : 84 F1 18 71 01 0F 0C 1A
82 18 F1 10 01 9C : 86 F1 18 50 01 00 32 01 F4 07
82 18 F1 10 03 9E : 86 F1 18 50 03 00 32 01 F4 09
85 18 F1 31 01 0F 0C 03 DE : 84 F1 18 71 01 0F 0C 1A
83 40 F1 22 F1 86 4D : 85 F1 40 62 F1 86 01 81 11
84 40 F1 31 01 02 03 EC : 83 F1 40 7F 31 31 95
83 64 F1 22 F1 86 71 : 85 F1 64 62 F1 86 01 81 35
84 64 F1 31 01 02 03 10 : 83 F1 64 7F 31 31 B9
83 01 F1 22 F1 86 0E : 85 F1 01 62 F1 86 01 81 D2
84 01 F1 31 01 02 03 AD : 83 F1 01 7F 31 31 56
83 17 F1 22 F1 86 24 : 85 F1 17 62 F1 86 01 81 E8
84 17 F1 31 01 02 03 C3 : 83 F1 17 7F 31 31 6C
83 00 F1 22 F1 86 0D : 85 F1 00 62 F1 86 01 81 D1
84 00 F1 31 01 02 03 AC : 83 F1 00 7F 31 31 55
83 5E F1 22 F1 86 6B : 85 F1 5E 62 F1 86 01 81 2F
84 5E F1 31 01 02 03 0A : 83 F1 5E 7F 31 31 B3
83 6D F1 22 F1 86 7A : 85 F1 6D 62 F1 86 01 81 3E
84 6D F1 31 01 02 03 19 : 83 F1 6D 7F 31 31 C2
83 78 F1 22 F1 86 85 : 85 F1 78 62 F1 86 01 81 49
84 78 F1 31 01 02 03 24 : 83 F1 78 7F 31 31 CD
83 2A F1 22 F1 86 37 : 85 F1 2A 62 F1 86 01 81 FB
84 2A F1 31 01 02 03 D6 : 83 F1 2A 7F 31 31 7F
83 67 F1 22 F1 86 74 : 85 F1 67 62 F1 86 01 81 38
84 67 F1 31 01 02 03 13 : 83 F1 67 7F 31 31 BC
83 73 F1 22 F1 86 80 : 85 F1 73 62 F1 86 01 81 44
84 73 F1 31 01 02 03 1F : 83 F1 73 7F 31 31 C8
83 63 F1 22 F1 86 70 : 85 F1 63 62 F1 86 01 81 34
84 63 F1 31 01 02 03 0F : 83 F1 63 7F 31 31 B8
83 72 F1 22 F1 86 7F : 85 F1 72 62 F1 86 01 81 43
84 72 F1 31 01 02 03 1E : 83 F1 72 7F 31 31 C7
83 30 F1 22 F1 86 3D : 85 F1 30 62 F1 86 01 81 01
84 30 F1 31 01 02 03 DC : 83 F1 30 7F 31 31 85
83 12 F1 22 F1 86 1F : 85 F1 12 62 F1 86 01 81 E3
84 12 F1 31 01 02 03 BE : 83 F1 12 7F 31 22 58
83 02 F1 22 F1 86 0F : 85 F1 02 62 F1 86 01 81 D3
84 02 F1 31 01 02 03 AE : 83 F1 02 7F 31 31 57
83 29 F1 22 F1 86 36 : 85 F1 29 62 F1 86 01 81 FA
84 29 F1 31 01 02 03 D5 : 83 F1 29 7F 31 22 6F
83 60 F1 22 F1 86 6D : 85 F1 60 62 F1 86 01 81 31
84 60 F1 31 01 02 03 0C : 84 F1 60 71 01 02 03 4C
85 60 F1 31 01 0F 0C 00 23 : 84 F1 60 71 01 0F 0C 62
82 60 F1 10 01 E4 : 86 F1 60 50 01 00 C8 01 F4 E5
82 60 F1 10 03 E6 : 86 F1 60 50 03 00 C8 01 F4 E7
85 60 F1 31 01 0F 0C 03 26 : 84 F1 60 71 01 0F 0C 62
83 36 F1 22 F1 86 43 : 85 F1 36 62 F1 86 01 81 07
84 36 F1 31 01 02 03 E2 : 84 F1 36 71 01 02 03 22
85 36 F1 31 01 0F 0C 00 F9 : 84 F1 36 71 01 0F 0C 38
82 36 F1 10 01 BA : 82 F1 36 50 01 FA
82 36 F1 10 03 BC : 82 F1 36 50 03 FC
85 36 F1 31 01 0F 0C 03 FC : 84 F1 36 71 01 0F 0C 38
83 1C F1 22 F1 86 29 : 85 F1 1C 62 F1 86 01 81 ED
84 1C F1 31 01 02 03 C8 : 83 F1 1C 7F 31 31 71
C2 DF F1 85 02 19 : 83 F1 10 7F 85 7F 07  83 F1 56 7F 85 7F 4D  83 F1 5E 7F 85 7F 55  83 F1 72 7F 85 7F 69  83 F1 6D 7F 85 7F 64  83 F1 18 7F 85 7F 0F  83 F1 17 7F 85 7F 0E  83 F1 40 7F 85 7F 37  83 F1 00 7F 85 7F F7  83 F1 01 7F 85 7F F8  83 F1 67 7F 85 7F 5E  83 F1 78 7F 85 7F 6F  83 F1 2A 7F 85 7F 21  83 F1 73 7F 85 7F 6A  83 F1 30 7F 85 7F 27  83 F1 02 7F 85 7F F9  83 F1 63 7F 85 7F 5A  82 F1 60 C5 02 9A  82 F1 36 C5 02 70  83 F1 1C 7F 85 7F 13  83 F1 64 7F 85 7F 5B  83 F1 29 7F 85 22 C3
83 12 F1 22 F1 86 1F : 85 F1 12 62 F1 86 01 81 E3
83 10 F1 22 F1 86 1D : 85 F1 10 62 F1 86 01 81 E1
83 56 F1 22 F1 86 63 : 85 F1 56 62 F1 86 01 81 27
83 5E F1 22 F1 86 6B : 85 F1 5E 62 F1 86 01 81 2F
83 72 F1 22 F1 86 7F : 85 F1 72 62 F1 86 01 81 43
83 6D F1 22 F1 86 7A : 85 F1 6D 62 F1 86 01 81 3E
83 18 F1 22 F1 86 25 : 85 F1 18 62 F1 86 01 81 E9
83 17 F1 22 F1 86 24 : 85 F1 17 62 F1 86 01 81 E8
83 40 F1 22 F1 86 4D : 85 F1 40 62 F1 86 01 81 11
83 00 F1 22 F1 86 0D : 85 F1 00 62 F1 86 01 81 D1
83 01 F1 22 F1 86 0E : 85 F1 01 62 F1 86 01 81 D2
83 67 F1 22 F1 86 74 : 85 F1 67 62 F1 86 01 81 38
83 78 F1 22 F1 86 85 : 85 F1 78 62 F1 86 01 81 49
83 2A F1 22 F1 86 37 : 85 F1 2A 62 F1 86 01 81 FB
83 73 F1 22 F1 86 80 : 85 F1 73 62 F1 86 01 81 44
83 30 F1 22 F1 86 3D : 85 F1 30 62 F1 86 01 81 01
83 02 F1 22 F1 86 0F : 85 F1 02 62 F1 86 01 81 D3
83 63 F1 22 F1 86 70 : 85 F1 63 62 F1 86 01 81 34
83 1C F1 22 F1 86 29 : 85 F1 1C 62 F1 86 01 81 ED
83 64 F1 22 F1 86 71 : 85 F1 64 62 F1 86 01 81 35
83 29 F1 22 F1 86 36 : 85 F1 29 62 F1 86 01 81 FA
C3 DF F1 28 01 01 BD : 83 F1 10 7F 28 7F AA  83 F1 56 7F 28 7F F0  83 F1 64 7F 28 7F FE  83 F1 5E 7F 28 7F F8  83 F1 73 7F 28 7F 0D  83 F1 01 7F 28 7F 9B  83 F1 72 7F 28 7F 0C  83 F1 6D 7F 28 7F 07  83 F1 18 7F 28 7F B2  83 F1 00 7F 28 7F 9A  83 F1 67 7F 28 7F 01  83 F1 40 7F 28 7F DA  83 F1 78 7F 28 7F 12  83 F1 2A 7F 28 7F C4  83 F1 17 7F 28 7F B1  83 F1 63 7F 28 7F FD  83 F1 30 7F 28 7F CA  83 F1 02 7F 28 7F 9C  83 F1 1C 7F 28 7F B6  83 F1 29 7F 28 22 66  83 F1 60 7F 28 7F FA  83 F1 36 7F 28 22 73
84 29 F1 31 01 02 03 D5 : 83 F1 29 7F 31 22 6F
84 36 F1 31 01 02 03 E2 : 84 F1 36 71 01 02 03 22
83 12 F1 22 F1 86 1F : 85 F1 12 62 F1 86 01 81 E3
C5 DF F1 31 01 10 03 01 DB : 83 F1 10 7F 31 22 56  83 F1 56 7F 31 22 9C  83 F1 18 7F 31 22 5E  83 F1 40 7F 31 22 86  83 F1 73 7F 31 22 B9  83 F1 78 7F 31 22 BE  83 F1 64 7F 31 22 AA  83 F1 17 7F 31 22 5D  83 F1 2A 7F 31 22 70  83 F1 01 7F 31 22 47  83 F1 67 7F 31 22 AD  83 F1 00 7F 31 22 46  83 F1 72 7F 31 22 B8  83 F1 6D 7F 31 22 B3  83 F1 30 7F 31 22 76  83 F1 12 7F 31 22 58  83 F1 63 7F 31 22 A9  83 F1 29 7F 31 22 6F  83 F1 60 7F 31 22 A6  83 F1 02 7F 31 22 48  83 F1 1C 7F 31 22 62  83 F1 36 7F 31 22 7C  83 F1 5E 7F 31 22 A4
84 10 F1 31 01 02 03 BC : 84 F1 10 71 01 02 03 FC
84 56 F1 31 01 02 03 02 : 83 F1 56 7F 31 31 AB
84 18 F1 31 01 02 03 C4 : 87 F1 18 71 01 02 03 01 03 C1 CC
84 40 F1 31 01 02 03 EC : 83 F1 40 7F 31 31 95
84 73 F1 31 01 02 03 1F : 83 F1 73 7F 31 31 C8
84 78 F1 31 01 02 03 24 : 83 F1 78 7F 31 31 CD
84 64 F1 31 01 02 03 10 : 83 F1 64 7F 31 31 B9
84 17 F1 31 01 02 03 C3 : 83 F1 17 7F 31 31 6C
84 2A F1 31 01 02 03 D6 : 83 F1 2A 7F 31 31 7F
84 01 F1 31 01 02 03 AD : 83 F1 01 7F 31 31 56
84 67 F1 31 01 02 03 13 : 83 F1 67 7F 31 31 BC
84 00 F1 31 01 02 03 AC : 83 F1 00 7F 31 31 55
84 72 F1 31 01 02 03 1E : 83 F1 72 7F 31 31 C7
84 6D F1 31 01 02 03 19 : 83 F1 6D 7F 31 31 C2
84 30 F1 31 01 02 03 DC : 83 F1 30 7F 31 31 85
84 12 F1 31 01 02 03 BE : 83 F1 12 7F 31 22 58
84 63 F1 31 01 02 03 0F : 83 F1 63 7F 31 31 B8
84 29 F1 31 01 02 03 D5 : 83 F1 29 7F 31 22 6F
84 60 F1 31 01 02 03 0C : 84 F1 60 71 01 02 03 4C
84 02 F1 31 01 02 03 AE : 83 F1 02 7F 31 31 57
84 1C F1 31 01 02 03 C8 : 83 F1 1C 7F 31 31 71
84 36 F1 31 01 02 03 E2 : 84 F1 36 71 01 02 03 22
84 5E F1 31 01 02 03 0A : 83 F1 5E 7F 31 31 B3
C3 DF F1 22 F1 86 2C : 85 F1 10 62 F1 86 01 81 E1  85 F1 56 62 F1 86 01 81 27  85 F1 18 62 F1 86 01 81 E9  85 F1 67 62 F1 86 01 81 38  85 F1 40 62 F1 86 01 81 11  85 F1 6D 62 F1 86 01 81 3E  85 F1 64 62 F1 86 01 81 35  85 F1 73 62 F1 86 01 81 44  85 F1 63 62 F1 86 01 81 34  85 F1 00 62 F1 86 01 81 D1  85 F1 5E 62 F1 86 01 81 2F  85 F1 01 62 F1 86 01 81 D2  85 F1 78 62 F1 86 01 81 49  85 F1 72 62 F1 86 01 81 43  85 F1 30 62 F1 86 01 81 01  85 F1 02 62 F1 86 01 81 D3  85 F1 12 62 F1 86 01 81 E3  85 F1 60 62 F1 86 01 81 31  85 F1 36 62 F1 86 01 81 07  85 F1 1C 62 F1 86 01 81 ED  85 F1 2A 62 F1 86 01 81 FB  85 F1 17 62 F1 86 01 81 E8  85 F1 29 62 F1 86 01 81 FA
C2 DF F1 10 01 A3 : 86 F1 10 50 01 00 32 01 F4 FF  86 F1 56 50 01 00 32 01 F4 45  86 F1 18 50 01 00 32 01 F4 07  86 F1 78 50 01 00 32 01 F4 67  86 F1 72 50 01 00 32 01 F4 61  86 F1 6D 50 01 00 32 01 F4 5C  86 F1 64 50 01 00 32 01 F4 53  86 F1 01 50 01 00 32 01 F4 F0  86 F1 17 50 01 00 32 01 F4 06  86 F1 2A 50 01 00 32 01 C2 E7  86 F1 63 50 01 00 32 01 F4 52  86 F1 00 50 01 00 32 01 F4 EF  86 F1 73 50 01 00 32 01 F4 62  86 F1 5E 50 01 00 32 01 F4 4D  86 F1 67 50 01 00 32 01 F4 56  86 F1 30 50 01 00 32 01 F4 1F  86 F1 02 50 01 00 32 01 F4 F1  86 F1 12 50 01 00 32 01 F4 01  86 F1 1C 50 01 00 32 01 F4 0B  86 F1 60 50 01 00 C8 01 F4 E5  82 F1 36 50 01 FA  82 F1 29 50 01 ED  86 F1 40 50 01 00 32 01 F4 2F
83 10 F1 22 17 2A E7 : 90 F1 10 62 17 2A 00 A9 FE 47 56 FF FF 00 00 00 00 00 00 76
83 10 F1 22 25 04 CF : 8D F1 10 62 25 04 00 64 00 0A 00 20 00 0A 00 0A BB
82 10 F1 10 03 96 : 86 F1 10 50 03 00 32 01 F4 01
84 10 F1 31 01 10 0E D5 : 83 F1 10 7F 31 22 56
C2 DF F1 10 03 A5 : 86 F1 10 50 03 00 32 01 F4 01  86 F1 56 50 03 00 32 01 F4 47  86 F1 5E 50 03 00 FA 01 F4 17  86 F1 67 50 03 00 32 01 F4 58  86 F1 78 50 03 00 32 01 F4 69  86 F1 01 50 03 00 FA 01 F4 BA  86 F1 18 50 03 00 32 01 F4 09  86 F1 73 50 03 00 FA 01 F4 2C  86 F1 64 50 03 00 FA 01 F4 1D  86 F1 72 50 03 00 FA 01 F4 2B  86 F1 6D 50 03 00 32 01 F4 5E  86 F1 2A 50 03 00 32 01 C2 E9  86 F1 63 50 03 00 32 01 F4 54  86 F1 30 50 03 01 2C 01 F4 1C  86 F1 02 50 03 01 2C 01 F4 EE  86 F1 12 50 03 00 32 01 F4 03  86 F1 1C 50 03 01 2C 01 F4 08  86 F1 60 50 03 00 C8 01 F4 E7  82 F1 36 50 03 FC  86 F1 40 50 03 00 FA 01 F4 F9  86 F1 00 50 03 00 FA 01 F4 B9  86 F1 17 50 03 00 FA 01 F4 D0  82 F1 29 50 03 EF
C5 DF F1 31 01 0F 0C 00 E2 : 84 F1 01 71 01 0F 0C 03  84 F1 10 71 01 0F 0C 12  84 F1 6D 71 01 0F 0C 6F  83 F1 12 7F 31 22 58  84 F1 1C 71 01 0F 0C 1E  84 F1 67 71 01 0F 0C 69  84 F1 17 71 01 0F 0C 19  84 F1 63 71 01 0F 0C 65  84 F1 40 71 01 0F 0C 42  84 F1 02 71 01 0F 0C 04  84 F1 73 71 01 0F 0C 75  84 F1 00 71 01 0F 0C 02  84 F1 56 71 01 0F 0C 58  84 F1 30 71 01 0F 0C 32  84 F1 64 71 01 0F 0C 66  84 F1 78 71 01 0F 0C 7A  84 F1 36 71 01 0F 0C 38  84 F1 5E 71 01 0F 0C 60  84 F1 29 71 01 0F 0C 2B  84 F1 2A 71 01 0F 0C 2C  84 F1 72 71 01 0F 0C 74  84 F1 60 71 01 0F 0C 62  84 F1 18 71 01 0F 0C 1A
83 12 F1 22 F1 86 1F : 85 F1 12 62 F1 86 01 81 E3
C3 DF F1 22 F1 86 2C : 85 F1 10 62 F1 86 01 81 E1  85 F1 56 62 F1 86 01 81 27  85 F1 73 62 F1 86 01 81 44  85 F1 5E 62 F1 86 01 81 2F  85 F1 64 62 F1 86 01 81 35  85 F1 18 62 F1 86 01 81 E9  85 F1 40 62 F1 86 01 81 11  85 F1 00 62 F1 86 01 81 D1  85 F1 01 62 F1 86 01 81 D2  85 F1 6D 62 F1 86 01 81 3E  85 F1 72 62 F1 86 01 81 43  85 F1 17 62 F1 86 01 81 E8  85 F1 67 62 F1 86 01 81 38  85 F1 78 62 F1 86 01 81 49  85 F1 2A 62 F1 86 01 81 FB  85 F1 30 62 F1 86 01 81 01  85 F1 12 62 F1 86 01 81 E3  85 F1 63 62 F1 86 01 81 34  85 F1 02 62 F1 86 01 81 D3  85 F1 60 62 F1 86 01 81 31  85 F1 1C 62 F1 86 01 81 ED  85 F1 36 62 F1 86 01 81 07  85 F1 29 62 F1 86 01 81 FA
C2 DF F1 10 01 A3 : 86 F1 10 50 01 00 32 01 F4 FF  86 F1 56 50 01 00 32 01 F4 45  86 F1 72 50 01 00 32 01 F4 61  86 F1 5E 50 01 00 32 01 F4 4D  86 F1 64 50 01 00 32 01 F4 53  86 F1 73 50 01 00 32 01 F4 62  86 F1 63 50 01 00 32 01 F4 52  86 F1 01 50 01 00 32 01 F4 F0  86 F1 78 50 01 00 32 01 F4 67  86 F1 18 50 01 00 32 01 F4 07  86 F1 00 50 01 00 32 01 F4 EF  86 F1 40 50 01 00 32 01 F4 2F  86 F1 67 50 01 00 32 01 F4 56  86 F1 2A 50 01 00 32 01 C2 E7  86 F1 6D 50 01 00 32 01 F4 5C  86 F1 30 50 01 00 32 01 F4 1F  86 F1 12 50 01 00 32 01 F4 01  86 F1 02 50 01 00 32 01 F4 F1  86 F1 1C 50 01 00 32 01 F4 0B  86 F1 60 50 01 00 C8 01 F4 E5  82 F1 36 50 01 FA  82 F1 29 50 01 ED  86 F1 17 50 01 00 32 01 F4 06
C3 DF F1 22 F1 86 2C : 85 F1 10 62 F1 86 01 81 E1  85 F1 56 62 F1 86 01 81 27  85 F1 18 62 F1 86 01 81 E9  85 F1 78 62 F1 86 01 81 49  85 F1 40 62 F1 86 01 81 11  85 F1 64 62 F1 86 01 81 35  85 F1 73 62 F1 86 01 81 44  85 F1 2A 62 F1 86 01 81 FB  85 F1 72 62 F1 86 01 81 43  85 F1 67 62 F1 86 01 81 38  85 F1 01 62 F1 86 01 81 D2  85 F1 5E 62 F1 86 01 81 2F  85 F1 6D 62 F1 86 01 81 3E  85 F1 00 62 F1 86 01 81 D1  85 F1 17 62 F1 86 01 81 E8  85 F1 12 62 F1 86 01 81 E3  85 F1 02 62 F1 86 01 81 D3  85 F1 63 62 F1 86 01 81 34  85 F1 1C 62 F1 86 01 81 ED  85 F1 30 62 F1 86 01 81 01  85 F1 60 62 F1 86 01 81 31  85 F1 36 62 F1 86 01 81 07  85 F1 29 62 F1 86 01 81 FA
8A F0 F1 31 01 0F 0B 2A 00 03 86 45 02 B1 : 8B F1 F0 71 01 0F 0B 2A 00 04 C6 45 00 02 33
8A F0 F1 31 01 0F 0B 64 00 03 86 45 02 EB : 8B F1 F0 71 01 0F 0B 64 00 04 C6 45 00 02 6D
8A F0 F1 31 01 0F 0B 36 00 03 86 45 02 BD : 8B F1 F0 71 01 0F 0B 36 00 04 C6 45 00 02 3F
8A F0 F1 31 01 0F 0B 73 00 03 86 45 02 FA : 8B F1 F0 71 01 0F 0B 73 00 04 C6 45 00 02 7C
8A F0 F1 31 01 0F 0B 01 00 03 86 45 02 88 : 8B F1 F0 71 01 0F 0B 01 00 04 C6 45 00 02 0A
8A F0 F1 31 01 0F 0B 12 00 03 86 45 02 99 : 8A F1 F0 71 01 0F 0B 12 00 03 7F 86 22 33
8A F0 F1 31 01 0F 0B 18 00 03 86 45 02 9F : 8B F1 F0 71 01 0F 0B 18 00 04 C6 45 00 02 21
8A F0 F1 31 01 0F 0B 5E 00 03 86 45 02 E5 : 8B F1 F0 71 01 0F 0B 5E 00 04 C6 45 00 02 67
8A F0 F1 31 01 0F 0B 67 00 03 86 45 02 EE : 8B F1 F0 71 01 0F 0B 67 00 04 C6 45 00 02 70
8A F0 F1 31 01 0F 0B 72 00 03 86 45 02 F9 : 8B F1 F0 71 01 0F 0B 72 00 04 C6 45 00 02 7B
8A F0 F1 31 01 0F 0B 56 00 03 86 45 02 DD : 8B F1 F0 71 01 0F 0B 56 00 04 C6 45 00 02 5F
8A F0 F1 31 01 0F 0B 78 00 03 86 45 02 FF : 8B F1 F0 71 01 0F 0B 78 00 04 C6 45 00 02 81
8A F0 F1 31 01 0F 0B 63 00 03 86 45 02 EA : 8B F1 F0 71 01 0F 0B 63 00 04 C6 45 00 02 6C
8A F0 F1 31 01 0F 0B 6D 00 03 86 45 02 F4 : 8B F1 F0 71 01 0F 0B 6D 00 04 C6 45 00 02 76
8A F0 F1 31 01 0F 0B 40 00 03 86 45 02 C7 : 8B F1 F0 71 01 0F 0B 40 00 04 C6 45 00 02 49
8A F0 F1 31 01 0F 0B 1C 00 03 86 45 02 A3 : 8B F1 F0 71 01 0F 0B 1C 00 04 C6 45 00 02 25
8A F0 F1 31 01 0F 0B 60 00 03 86 45 02 E7 : 8B F1 F0 71 01 0F 0B 60 00 04 C6 45 00 02 69
8A F0 F1 31 01 0F 0B 29 00 03 86 45 02 B0 : 8B F1 F0 71 01 0F 0B 29 00 04 C6 45 00 02 32
8A F0 F1 31 01 0F 0B 30 00 03 86 45 02 B7 : 8B F1 F0 71 01 0F 0B 30 00 04 C6 45 00 02 39
8A F0 F1 31 01 0F 0B 10 00 03 86 45 02 97 : 8B F1 F0 71 01 0F 0B 10 00 04 C6 45 00 02 19
8A F0 F1 31 01 0F 0B 02 00 03 86 45 02 89 : 8B F1 F0 71 01 0F 0B 02 00 04 C6 45 00 02 0B
8A F0 F1 31 01 0F 0B 00 00 03 86 45 02 87 : 8B F1 F0 71 01 0F 0B 00 00 04 C6 45 00 02 09
8A F0 F1 31 01 0F 0B 17 00 03 86 45 02 9E : 8B F1 F0 71 01 0F 0B 17 00 04 C6 45 00 02 20
86 10 F1 31 01 02 15 C8 00 98 : 83 F1 10 7F 31 31 65
85 63 F1 31 01 02 33 7F BF : 83 F1 63 7F 31 31 B8
85 36 F1 31 01 02 33 7F 92 : 83 F1 36 7F 31 31 8B
85 67 F1 31 01 02 33 7F C3 : 83 F1 67 7F 31 31 BC
83 10 F1 22 F1 86 1D : 85 F1 10 62 F1 86 01 81 E1
82 10 F1 10 03 96 : 86 F1 10 50 03 00 32 01 F4 01
86 10 F1 27 03 FF FF FF FF AD : 96 F1 10 67 03 DC 92 56 5E 60 46 8C 62 C2 C0 42 9C CE BC 66 1E FA D0 CC 9E 59
83 10 F1 22 25 04 CF : 8D F1 10 62 25 04 00 64 00 0A 00 20 00 0A 00 0A BB
80 10 F1 00 03 94 27 04 0A 1C F6 00 9E 96 8B 28 10 00 D9 AE C2 62 95 BF D2 53 91 0A A4 BB 14 1B 24 A3 57 24 E9 12 7E 2E 88 30 3C 24 86 57 B4 39 77 B8 7F E6 70 74 67 20 B9 8D 80 78 62 5B AE EE FD B3 AE 54 85 E9 6B 38 56 23 54 2A D0 00 7F 88 AC B7 63 D4 93 35 C9 74 90 AE 52 F2 EE D7 EC 01 78 B6 09 40 76 E6 62 68 FD 83 0D 12 8C A3 D2 9F 68 C1 D1 16 D0 96 26 43 14 E7 D0 51 3A 19 BA 71 BF 61 1B BC 1A 63 DE 71 D0 9E 0E 8C F4 50 4B C1 D5 93 95 05 A9 7D B3 B3 6B 9A 82 99 41 9E B9 A9 BC 49 4A 24 6F 9D 4D 4E 01 88 42 92 A1 D2 8D E7 8C 30 BE 11 C8 EB A7 64 AF FF 7E C9 44 53 00 C0 3A A3 33 0B BA 4F 07 46 30 82 02 CE 30 82 01 F7 A0 03 02 01 02 02 02 54 AE 30 0D 06 09 2A 86 48 86 F7 0D 01 01 05 05 00 30 67 31 13 30 11 06 0A 09 92 26 89 93 F2 2C 64 01 19 16 03 63 6F 6D 31 18 30 16 06 0A 09 92 26 89 93 F2 2C 64 01 19 16 08 62 6D 77 67 72 6F 75 70 31 0C 30 0A 06 03 55 04 0A 13 03 70 6B 69 31 14 30 12 06 03 55 04 0B 13 0B 62 6D 77 2D 66 7A 67 2D 70 6B 69 31 12 30 10 06 03 55 04 03 13 09 46 5A 47 53 65 63 2D 43 41 30 1E 17 0D 30 37 31 31 31 34 31 36 31 39 30 37 5A 17 0D 33 32 30 37 33 30 31 32 34 36 33 38 5A 30 63 31 13 30 11 06 0A 09 92 26 89 93 F2 2C 64 01 19 16 03 63 6F 6D 31 18 30 16 06 0A 09 92 26 89 93 F2 2C 64 01 19 16 08 62 6D 77 67 72 6F 75 70 31 0C 30 0A 06 03 55 04 0A 13 03 70 6B 69 31 14 30 12 06 03 55 04 0B 13 0B 62 6D 77 2D 66 7A 67 2D 70 6B 69 31 0E 30 0C 06 03 55 04 03 13 05 45 2D 53 59 53 30 81 DD 30 0D 06 09 2A 86 48 86 F7 0D 01 01 01 05 00 03 81 CB 00 30 81 C7 02 81 C1 00 9D 2C 1A 81 1C 06 01 BF A4 98 A4 E8 DA BE AF C4 F8 1E 20 3C D7 D2 76 59 3A 69 16 31 C9 D7 2E BB 39 83 BA AE 4C 6E 24 15 75 34 C3 E4 2B E8 BC 7A C5 04 FB 03 B0 C7 D8 BD 48 56 19 4B E5 69 FD F6 96 E9 FC DC 54 D0 D2 14 61 8E B1 82 42 2A 30 17 B3 57 B3 9B 50 E2 FF BF F9 44 92 D1 EF AC 96 3C 6F 8E 95 34 92 36 A0 23 D0 50 DB 58 BB 4D A9 DC 5F 17 CC 90 28 E9 C5 BA 94 01 65 13 4F 45 0F 24 88 A6 C9 FA F2 1C 2C C9 7E 64 7A 1C 05 5B 1A 27 F5 D5 0E 94 E1 D3 4D 39 03 F6 34 AF BE EF 37 D9 E6 A1 59 F6 8F 3F 26 A2 6B 50 56 25 CC 60 67 8D F8 4B 69 CC C8 71 00 96 33 1B AF AD A7 D7 04 7B 02 01 03 A3 0F 30 0D 30 0B 06 03 55 1D 0F 04 04 03 02 07 80 30 0D 06 09 2A 86 48 86 F7 0D 01 01 05 05 00 03 81 C1 00 11 E7 D9 F3 F9 C9 01 1D 34 DE 31 E2 58 23 CE D8 6E 8D F6 0E 08 D5 2C 01 FE A6 33 67 F7 A7 19 DB CB EB D3 75 A7 7D 3E A9 E8 9F F8 9A B8 77 34 E4 EE E3 80 29 2F 86 51 19 D7 16 3F 7C 7A 51 D0 6D 6A 09 1E B5 A5 0E F1 AD 05 E6 4B 8B 65 D1 CE 37 09 2B 00 3B 69 71 97 20 C8 D4 0F F4 89 A8 49 78 96 A4 10 FF A7 92 9E 00 53 42 43 E5 70 E7 11 FE 95 33 B3 DE 2B 01 07 B6 4B 9F B7 0F F8 E3 AF 89 0F 67 72 95 50 AB D7 ED 10 6B 3C 9E A5 ED 81 DA E8 08 28 5B F0 54 5F 79 15 4F D7 5F 8E E1 D9 11 FC 10 E6 01 B9 71 7A C9 A6 01 8F 95 30 52 85 47 85 E9 FE E4 14 11 B9 56 30 C7 2D F4 24 6D 73 D2 24 : 82 F1 10 67 04 EE
83 10 F1 22 17 1F DC : 80 F1 10 00 02 E1 62 17 1F 30 82 02 DA 30 82 02 03 A0 03 02 01 02 02 03 0E 84 3F 30 0D 06 09 2A 86 48 86 F7 0D 01 01 05 05 00 30 67 31 13 30 11 06 0A 09 92 26 89 93 F2 2C 64 01 19 16 03 63 6F 6D 31 18 30 16 06 0A 09 92 26 89 93 F2 2C 64 01 19 16 08 62 6D 77 67 72 6F 75 70 31 0C 30 0A 06 03 55 04 0A 13 03 70 6B 69 31 14 30 12 06 03 55 04 0B 13 0B 62 6D 77 2D 66 7A 67 2D 70 6B 69 31 12 30 10 06 03 55 04 03 13 09 46 5A 47 53 65 63 2D 43 41 30 1E 17 0D 31 30 31 30 31 37 30 36 32 31 33 35 5A 17 0D 32 35 31 30 31 33 30 36 32 31 33 35 5A 30 6E 31 13 30 11 06 0A 09 92 26 89 93 F2 2C 64 01 19 16 03 63 6F 6D 31 18 30 16 06 0A 09 92 26 89 93 F2 2C 64 01 19 16 08 62 6D 77 67 72 6F 75 70 31 0C 30 0A 06 03 55 04 0A 13 03 70 6B 69 31 14 30 12 06 03 55 04 0B 13 0B 62 6D 77 2D 66 7A 67 2D 70 6B 69 31 19 30 17 06 03 55 04 03 0C 10 4D 53 4D 5F 30 30 30 30 30 30 33 34 37 33 39 31 30 81 DD 30 0D 06 09 2A 86 48 86 F7 0D 01 01 01 05 00 03 81 CB 00 30 81 C7 02 81 C1 00 D2 0D B4 3E 38 13 0E 3D B2 C8 D5 69 77 E3 E9 06 C8 02 A7 43 AA 55 04 C5 19 B5 E4 EA 5E C6 FD 27 48 CF BE 89 CA E1 69 88 A7 9C 64 88 91 93 32 E2 BE FF EB DE 77 66 58 65 39 79 6D 05 F3 B8 97 3E 91 A2 7E 41 FD 80 F4 E5 8B 43 C0 11 A2 13 85 CF C8 0B 55 D7 BD 5D CB 63 4F EE E6 5C C0 3D E3 44 45 53 27 15 D9 8A 04 60 C3 A9 74 F3 D5 36 62 A5 AB 7A 03 FE 4B 61 23 25 80 60 36 8D 9F F8 26 88 D7 8F 7A 50 36 89 D2 3E 37 8C F7 FB 90 72 17 A7 73 E4 FF 42 FE 68 A2 FF C1 1F CC 7F ED C0 BF 7E 32 86 FE 07 F6 BE FB 4A EF FF E1 24 0F 37 CF E5 93 DE 50 90 13 32 6E DC 0A 22 D3 6F 03 0A FF E1 02 01 03 A3 0F 30 0D 30 0B 06 03 55 1D 0F 04 04 03 02 07 80 30 0D 06 09 2A 86 48 86 F7 0D 01 01 05 05 00 03 81 C1 00 90 BD 99 EF 52 E3 EA E9 F1 F8 9D 3B CD D8 CB F5 4B 98 F6 87 59 B8 08 11 6E 8B 9E 2C F6 12 37 06 F7 17 80 7F B4 90 75 01 63 4F 2D 1F 8C 09 D8 74 CD 14 9B 43 8F 6B D6 EC FC A5 16 AA 27 36 83 59 D6 92 89 74 52 99 95 49 79 64 E5 96 AB 07 86 BB F1 14 44 7E 81 85 2D 08 44 D4 07 2C A3 28 DA DF B2 94 A1 20 96 FC 81 AD 71 D4 D2 60 92 1E 63 C0 7D F0 34 70 14 4F FD 8A DD E9 8F 17 9B 50 81 C2 FB 15 F5 65 F8 B7 41 5A C5 07 BE CD 31 51 E0 E8 86 C7 62 60 F5 FE D0 03 AF 7C 6E E1 7F 20 6B BF B8 AF 0C 01 24 C2 90 40 08 59 D1 6C B3 54 05 0F AB 93 06 C2 AA 27 70 2B 75 7B 72 6C 50 73 C8 25 FD
80 10 F1 00 01 18 31 01 02 12 00 2E 01 10 44 FC E7 CD 54 F2 1D 74 FA 89 98 18 52 48 6E 63 D4 8E 75 58 71 2C 5D 5D 0C E2 56 8F B3 46 21 BD E3 72 D9 49 87 2F E9 20 78 B8 9D 54 AE 13 F2 67 33 6F B2 E8 69 06 B7 AF 32 5F 26 65 99 85 A3 BE 3A 71 5B B3 A6 2D 32 4D 67 E5 53 EB 8A C5 DA 41 8A A3 3E 40 23 0A EB 7D BC 65 71 0E A2 C8 3F 2F C1 B0 C8 6F 5D 87 87 ED 2E DE EB B8 58 05 D9 35 01 FB 92 06 D6 06 72 6E EA CD 14 3E F4 C9 D9 60 9E 9F E9 83 5A D4 0B FA F2 80 45 99 CF 53 32 CF 0E 19 07 8C 2D 39 5D D6 3B B0 C2 65 91 C2 48 01 C2 D4 97 15 C9 9C 7D C8 D4 0D 0A 64 6F B6 19 AF DA 87 34 08 D8 37 80 34 27 22 DE A2 6A 74 A9 10 99 56 96 E0 99 D5 13 20 02 58 EA 15 46 30 58 54 43 03 CE 5F 98 B2 B7 9F B6 30 4E 44 62 B9 54 F0 FB C0 7A 4E F0 ED 92 A7 B0 EB 1E B7 67 A5 8D EE 0A A3 6A 70 49 8B 76 69 C0 5B 7C C3 1D 8C 1D 33 D3 12 B5 FA 1B 4D BE 32 17 BB 95 63 90 C8 4C 33 42 : 85 F1 10 71 01 02 12 00 0C
86 10 F1 31 01 02 15 C8 00 98 : 83 F1 10 7F 31 31 65
85 10 F1 31 03 02 12 00 CE : 85 F1 10 71 03 02 12 00 0E
85 10 F1 31 03 02 12 00 CE : 85 F1 10 71 03 02 12 00 0E
85 10 F1 31 03 02 12 00 CE : 85 F1 10 71 03 02 12 00 0E
85 10 F1 31 03 02 12 00 CE : 85 F1 10 71 03 02 12 00 0E
85 10 F1 31 03 02 12 00 CE : 85 F1 10 71 03 02 12 00 0E
85 10 F1 31 03 02 12 00 CE : 85 F1 10 71 03 02 12 00 0E
85 10 F1 31 03 02 12 00 CE : 85 F1 10 71 03 02 12 00 0E
85 10 F1 31 03 02 12 00 CE : 85 F1 10 71 03 02 12 00 0E
85 10 F1 31 03 02 12 00 CE : 85 F1 10 71 03 02 12 00 0E
85 10 F1 31 03 02 12 00 CE : 85 F1 10 71 03 02 12 00 0E
85 10 F1 31 03 02 12 00 CE : 85 F1 10 71 03 02 12 00 0E
85 10 F1 31 03 02 12 00 CE : 85 F1 10 71 03 02 12 00 0E
85 10 F1 31 03 02 12 00 CE : 85 F1 10 71 03 02 12 00 0E
85 10 F1 31 03 02 12 00 CE : 85 F1 10 71 03 02 12 00 0E
85 10 F1 31 03 02 12 00 CE : 85 F1 10 71 03 02 12 00 0E
85 10 F1 31 03 02 12 00 CE : 85 F1 10 71 03 02 12 00 0E
85 10 F1 31 03 02 12 00 CE : 85 F1 10 71 03 02 12 00 0E
85 10 F1 31 03 02 12 00 CE : 89 F1 10 71 03 02 12 00 3E 00 01 00 51
86 10 F1 31 01 02 15 C8 00 98 : 83 F1 10 7F 31 31 65
85 63 F1 31 01 02 33 7F BF : 83 F1 63 7F 31 31 B8
85 36 F1 31 01 02 33 7F 92 : 83 F1 36 7F 31 31 8B
85 67 F1 31 01 02 33 7F C3 : 83 F1 67 7F 31 31 BC
89 10 F1 31 01 02 0C 00 03 63 36 67 CD : 85 F1 10 71 01 02 0C 00 06
85 10 F1 31 03 02 0C 00 C8 : 85 F1 10 71 03 02 0C 00 08
85 10 F1 31 03 02 0C 00 C8 : 85 F1 10 71 03 02 0C 00 08
85 10 F1 31 03 02 0C 00 C8 : 85 F1 10 71 03 02 0C 00 08
85 10 F1 31 03 02 0C 00 C8 : 86 F1 10 71 03 02 0C 00 00 09
86 10 F1 31 01 02 15 C8 00 98 : 83 F1 10 7F 31 31 65
84 10 F1 14 FF FF FF 96 : 81 F1 10 54 D6
83 10 F1 22 F1 86 1D : 85 F1 10 62 F1 86 03 81 E3
85 10 F1 31 01 02 11 00 CB : 85 F1 10 71 01 02 11 00 0B
82 10 F1 10 01 94 : 86 F1 10 50 01 00 32 01 F4 FF
83 10 F1 22 F1 01 98 : B4 F1 10 62 F1 01 01 01 00 04 10 10 25 8B 00 09 00 00 00 00 00 00 00 06 00 00 04 52 02 0B 1E 08 00 00 04 53 02 0B 3C 08 00 00 04 54 02 05 04 01 00 00 03 48 00 C4 00 92
B1 10 F1 2E 10 0B 46 30 31 30 0A 09 02 0A 46 30 31 30 0A 09 02 0A 46 30 31 30 0A 09 02 0A 00 14 E1 BA A8 BC 40 45 4D A8 90 EE F5 45 B7 7D 00 64 E3 49 A7 B4 41 : 83 F1 10 6E 10 0B 0D
9B 40 F1 2E 10 0B 46 30 31 30 0A 09 02 0A 46 30 31 30 0A 09 02 0A 46 30 31 30 0A 09 02 0A F7 : 83 F1 40 6E 10 0B 3D
83 10 F1 22 F1 01 98 : B4 F1 10 62 F1 01 01 01 00 04 10 10 25 8B 00 09 00 00 00 00 00 00 00 06 00 00 04 52 02 0B 1E 08 00 00 04 53 02 0B 3C 08 00 00 04 54 02 05 04 01 00 00 03 48 00 C4 00 92
80 10 F1 B1 2E 3F 06 00 96 03 41 94 50 99 04 50 9B 04 D1 42 14 57 AD 89 26 84 63 91 25 55 49 56 12 AD 24 B4 89 38 77 51 04 D4 45 55 11 59 44 93 51 26 14 4D 05 13 45 45 11 51 56 54 89 55 35 C9 54 18 55 24 95 4D 45 54 61 65 14 5A 6B 16 DA 36 12 49 84 93 61 45 58 55 06 15 4D 85 91 61 65 18 5D 46 18 41 86 17 63 3B 58 CF 86 34 B1 8D 2E 65 25 59 55 56 59 4D 98 61 5A 18 56 86 26 2B B5 66 59 12 14 19 40 CD 25 B7 09 29 AE 1C B5 92 1A E3 8B 3C AB C2 58 A5 C2 6B E6 B6 58 74 96 60 00 00 14 DA D5 DB BD C6 03 70 57 25 4A 5D 27 73 97 78 67 0A B4 BB 3E 3B : 83 F1 10 6E 3F 06 37
80 40 F1 A3 2E 3F 1C 03 41 94 50 99 04 50 9B 04 D1 42 14 57 AD 89 26 84 63 91 25 55 49 56 12 AD 24 B4 89 38 77 51 04 D4 45 55 11 59 44 93 51 26 14 4D 05 13 45 45 11 51 56 54 89 55 35 C9 54 18 55 24 95 4D 45 54 61 65 14 5A 6B 16 DA 36 12 49 84 93 61 45 58 55 06 15 4D 85 91 61 65 18 5D 46 18 41 86 17 63 3B 58 CF 86 34 B1 8D 2E 65 25 59 55 56 59 4D 98 61 5A 18 56 86 26 2B B5 66 59 12 14 19 40 CD 25 B7 09 29 AE 1C B5 92 1A E3 8B 3C AB C2 58 A5 C2 6B E6 B6 58 74 96 60 00 00 00 00 00 00 00 00 00 00 00 5F : 83 F1 40 6E 3F 1C 7D
80 40 F1 A3 2E 3F 1D 00 00 00 00 00 00 00 00 00 00 00 00 00 00 00 00 00 00 00 00 00 00 00 00 00 00 00 00 00 00 00 00 00 00 00 00 00 00 00 00 00 00 00 00 00 00 00 00 00 00 00 00 00 00 00 00 00 00 00 00 00 00 00 00 00 00 00 00 00 00 00 00 00 00 00 00 00 00 00 00 00 00 00 00 00 00 00 00 00 00 00 00 00 00 00 00 00 00 00 00 00 00 00 00 00 00 00 00 00 00 00 00 00 00 00 00 00 00 00 00 00 00 00 00 00 00 00 00 00 00 00 00 00 00 00 00 00 00 00 00 00 00 00 00 00 00 00 00 00 00 00 00 00 00 00 00 00 00 00 00 DE : 83 F1 40 6E 3F 1D 7E
83 12 F1 22 40 2B 13 : 9F F1 12 62 40 2B 01 D8 7E 54 09 AC 00 6D 03 00 00 00 00 00 00 FF 00 00 00 00 02 00 00 01 00 00 00 00 41
83 40 F1 22 F1 90 57 : 94 F1 40 62 F1 90 57 42 41 46 50 33 31 30 58 42 43 36 32 31 33 32 39 C0
83 30 F1 22 25 02 ED : 87 F1 30 62 25 02 00 00 00 01 32
83 12 F1 22 40 2B 13 : 9F F1 12 62 40 2B 01 D8 7E 58 09 AE 00 6D 03 00 00 00 00 00 00 FF 00 00 00 00 02 00 00 01 00 00 00 00 47
83 12 F1 22 40 2B 13 : 9F F1 12 62 40 2B 01 D8 7E 5C 09 AE 00 6D 03 00 00 00 00 00 00 FF 00 00 00 00 02 00 00 01 00 00 00 00 4B
83 12 F1 22 40 2B 13 : 9F F1 12 62 40 2B 01 D8 7E 4C 09 AF 00 6D 03 00 00 00 00 00 00 FF 00 00 00 00 02 00 00 01 00 00 00 00 3C
83 63 F1 22 25 04 22 : 92 F1 63 62 25 04 01 00 78 01 00 3C 01 00 01 02 00 0A 02 00 20 57
C3 DF F1 22 F1 86 2C : 85 F1 10 62 F1 86 01 81 E1  85 F1 56 62 F1 86 01 81 27  85 F1 73 62 F1 86 01 81 44  85 F1 78 62 F1 86 01 81 49  85 F1 5E 62 F1 86 01 81 2F  85 F1 00 62 F1 86 01 81 D1  85 F1 40 62 F1 86 01 81 11  85 F1 18 62 F1 86 01 81 E9  85 F1 6D 62 F1 86 01 81 3E  85 F1 01 62 F1 86 01 81 D2  85 F1 2A 62 F1 86 01 81 FB  85 F1 64 62 F1 86 01 81 35  85 F1 72 62 F1 86 01 81 43  85 F1 67 62 F1 86 01 81 38  85 F1 63 62 F1 86 01 81 34  85 F1 30 62 F1 86 01 81 01  85 F1 12 62 F1 86 01 81 E3  85 F1 02 62 F1 86 01 81 D3  85 F1 1C 62 F1 86 01 81 ED  85 F1 60 62 F1 86 01 81 31  85 F1 36 62 F1 86 01 81 07  85 F1 29 62 F1 86 01 81 FA  85 F1 17 62 F1 86 01 81 E8
8A F0 F1 31 01 0F 0B 2A 00 03 86 40 02 AC : 8B F1 F0 71 01 0F 0B 2A 00 04 C6 40 00 02 2E
8A F0 F1 31 01 0F 0B 64 00 03 86 40 02 E6 : 8B F1 F0 71 01 0F 0B 64 00 04 C6 40 00 02 68
8A F0 F1 31 01 0F 0B 36 00 03 86 40 02 B8 : 8B F1 F0 71 01 0F 0B 36 00 04 C6 40 00 02 3A
8A F0 F1 31 01 0F 0B 73 00 03 86 40 02 F5 : 8B F1 F0 71 01 0F 0B 73 00 04 C6 40 00 02 77
8A F0 F1 31 01 0F 0B 01 00 03 86 40 02 83 : 8B F1 F0 71 01 0F 0B 01 00 04 C6 40 00 02 05
8A F0 F1 31 01 0F 0B 12 00 03 86 40 02 94 : 8A F1 F0 71 01 0F 0B 12 00 03 7F 86 22 33
8A F0 F1 31 01 0F 0B 18 00 03 86 40 02 9A : 8B F1 F0 71 01 0F 0B 18 00 04 C6 40 00 02 1C
8A F0 F1 31 01 0F 0B 5E 00 03 86 40 02 E0 : 8B F1 F0 71 01 0F 0B 5E 00 04 C6 40 00 02 62
8A F0 F1 31 01 0F 0B 67 00 03 86 40 02 E9 : 8B F1 F0 71 01 0F 0B 67 00 04 C6 40 00 02 6B
8A F0 F1 31 01 0F 0B 72 00 03 86 40 02 F4 : 8B F1 F0 71 01 0F 0B 72 00 04 C6 40 00 02 76
8A F0 F1 31 01 0F 0B 56 00 03 86 40 02 D8 : 8B F1 F0 71 01 0F 0B 56 00 04 C6 40 00 02 5A
8A F0 F1 31 01 0F 0B 78 00 03 86 40 02 FA : 8B F1 F0 71 01 0F 0B 78 00 04 C6 40 00 02 7C
8A F0 F1 31 01 0F 0B 63 00 03 86 40 02 E5 : 8B F1 F0 71 01 0F 0B 63 00 04 C6 40 00 02 67
8A F0 F1 31 01 0F 0B 6D 00 03 86 40 02 EF : 8B F1 F0 71 01 0F 0B 6D 00 04 C6 40 00 02 71
8A F0 F1 31 01 0F 0B 40 00 03 86 40 02 C2 : 8B F1 F0 71 01 0F 0B 40 00 04 C6 40 00 02 44
8A F0 F1 31 01 0F 0B 1C 00 03 86 40 02 9E : 8B F1 F0 71 01 0F 0B 1C 00 04 C6 40 00 02 20
8A F0 F1 31 01 0F 0B 60 00 03 86 40 02 E2 : 8B F1 F0 71 01 0F 0B 60 00 04 C6 40 00 02 64
8A F0 F1 31 01 0F 0B 29 00 03 86 40 02 AB : 8B F1 F0 71 01 0F 0B 29 00 04 C6 40 00 02 2D
8A F0 F1 31 01 0F 0B 30 00 03 86 40 02 B2 : 8B F1 F0 71 01 0F 0B 30 00 04 C6 40 00 02 34
8A F0 F1 31 01 0F 0B 10 00 03 86 40 02 92 : 8B F1 F0 71 01 0F 0B 10 00 04 C6 40 00 02 14
8A F0 F1 31 01 0F 0B 02 00 03 86 40 02 84 : 8B F1 F0 71 01 0F 0B 02 00 04 C6 40 00 02 06
8A F0 F1 31 01 0F 0B 00 00 03 86 40 02 82 : 8B F1 F0 71 01 0F 0B 00 00 04 C6 40 00 02 04
8A F0 F1 31 01 0F 0B 17 00 03 86 40 02 99 : 8B F1 F0 71 01 0F 0B 17 00 04 C6 40 00 02 1B
83 63 F1 22 F1 01 EB : 80 F1 63 64 62 F1 01 01 01 00 0A 10 10 08 8B 00 00 00 00 00 00 00 00 00 01 00 00 08 02 0B 00 00 06 00 00 0A 13 00 1D 02 08 00 00 0A 24 00 1D 02 08 00 00 0A 34 00 1D 00 08 00 00 0A 25 00 1D 00 08 00 00 0A 26 00 1D 00 07 00 00 0A 2B 00 1D 00 0C 00 00 0A 1F 03 12 AC 08 00 00 0A 36 00 1D 00 05 00 00 00 F9 05 12 0B D8
82 63 F1 10 03 E9 : 86 F1 63 50 03 00 32 01 F4 54
; manually added
;83 10 F1 22 F1 01 00 : B4 F1 10 62 F1 01 01 01 00 04 10 10 25 8B 00 09 00 00 00 00 00 00 00 06 00 00 04 52 02 0B 1E 08 00 00 04 53 02 0B 3C 08 00 00 04 54 02 05 04 01 00 00 03 48 00 C4 00 92
83 17 F1 22 F1 01 00 : B4 F1 17 62 F1 01 01 01 00 04 99 99 99 8B 00 00 00 00 00 00 00 00 00 01 00 00 00 94 00 01 01 06 00 00 06 19 00 80 02 08 00 00 03 D8 00 80 08 05 00 00 00 98 00 08 34 EE
;83 63 F1 22 F1 01 00 : 80 F1 63 64 62 F1 01 01 01 00 0A 10 10 08 8B 00 00 00 00 00 00 00 00 00 01 00 00 08 02 0B 00 00 06 00 00 0A 13 00 1D 02 08 00 00 0A 24 00 1D 02 08 00 00 0A 34 00 1D 00 08 00 00 0A 25 00 1D 00 08 00 00 0A 26 00 1D 00 07 00 00 0A 2B 00 1D 00 0C 00 00 0A 1F 03 12 AC 08 00 00 0A 36 00 1D 00 05 00 00 00 F9 05 12 0B D8
83 30 F1 22 F1 01 00 : 80 F1 30 4C 62 F1 01 01 01 00 07 10 10 29 8D 00 F0 01 00 00 52 06 00 00 01 00 00 02 BB 05 00 01 02 00 00 07 5B FF FF FF 02 00 00 02 BD FF FF FF 06 00 00 04 C4 02 01 00 08 00 00 04 C7 02 03 00 08 00 00 04 CA 02 05 01 05 00 00 02 C9 02 02 00 A7
83 12 F1 22 F1 01 00 : BC F1 12 62 F1 01 01 01 00 05 10 10 29 8D 00 F0 01 00 00 52 06 00 00 01 00 00 02 48 03 1D 05 06 00 00 04 85 03 9F 01 08 00 00 04 86 B3 01 01 08 00 00 05 38 B3 01 08 05 00 00 07 21 01 00 17 68
83 56 F1 22 F1 01 00 : BC F1 56 62 F1 01 01 01 00 05 10 10 23 8B 00 00 00 00 00 00 00 00 00 01 00 00 05 4C 04 00 00 01 00 00 05 4F 01 00 00 01 00 00 05 50 01 00 00 06 00 00 0A 6B 01 00 00 08 00 00 05 55 01 15 00 23
83 01 F1 22 F1 01 00 : 80 F1 01 44 62 F1 01 01 01 00 06 10 03 16 8B 00 58 01 00 00 00 00 00 00 01 00 00 07 CF 03 02 00 06 00 00 07 AE 04 00 02 08 00 00 07 AF 06 00 00 05 00 00 00 9C 05 01 01 05 00 00 08 E8 05 03 07 05 00 00 08 E5 05 01 06 2A
83 73 F1 22 F1 01 00 : BC F1 73 62 F1 01 01 01 00 05 10 10 22 8B 00 53 01 AC 00 00 01 00 00 01 00 00 00 8C 03 07 14 01 00 00 00 8E 03 06 0B 06 00 00 0C CB 05 00 00 08 00 00 03 D3 05 00 0A 05 00 00 00 8A 04 05 32 30
83 72 F1 22 F1 01 00 : 80 F1 72 4C 62 F1 01 01 01 00 07 10 10 27 8B 00 24 00 00 00 00 00 00 00 01 00 00 08 FB 02 00 00 06 00 00 05 15 05 02 03 08 00 00 05 13 04 01 30 08 00 00 05 14 04 01 30 08 00 00 05 12 04 01 30 08 00 00 05 11 04 01 29 05 00 00 01 2F 05 09 11 51
83 6D F1 22 F1 01 00 : BC F1 6D 62 F1 01 01 01 00 05 10 10 19 8B 00 24 00 00 00 00 00 00 00 02 00 00 0A B0 FF FF FF 01 00 00 0A B1 01 01 00 06 00 00 03 E4 07 00 03 08 00 00 0A BA 01 03 00 05 00 00 00 B5 07 03 0A 69
83 60 F1 22 F1 01 00 : 80 F1 60 6C 62 F1 01 01 01 00 0B 07 07 12 8B 00 08 00 00 00 00 00 00 00 01 00 00 07 5E 02 03 00 02 00 00 01 40 FF FF FF 02 00 00 0C E4 FF FF FF 06 00 00 07 63 01 00 13 08 00 00 07 65 01 13 00 08 00 00 04 13 04 13 0E 07 00 00 07 64 01 00 2E 08 00 00 03 C3 04 14 02 08 00 00 07 66 01 13 00 08 00 00 07 69 01 08 03 05 00 00 00 69 07 02 32 7A
83 02 F1 22 F1 01 00 : 80 F1 02 54 62 F1 01 01 01 00 08 10 10 25 8B 00 11 01 00 00 10 00 00 00 01 00 00 03 27 04 01 00 02 00 00 03 3E FF FF FF 02 00 00 03 40 FF FF FF 02 00 00 03 43 FF FF FF 06 00 00 03 6E 05 07 00 08 00 00 03 6F 05 10 00 08 00 00 03 70 01 06 00 05 00 00 03 3D 01 07 01 F0
83 1C F1 22 F1 01 00 : 80 F1 1C 54 62 F1 01 01 01 00 08 10 05 04 8B 00 18 01 00 00 10 00 00 00 01 00 00 00 01 03 06 01 06 00 00 04 90 03 03 00 08 00 00 05 25 02 05 01 08 00 00 05 23 02 05 00 08 00 00 05 24 02 05 00 00 00 00 00 00 00 00 00 07 00 00 05 35 03 01 00 08 00 00 09 6A 01 03 00 25
83 36 F1 22 F1 01 00 : 80 F1 36 64 62 F1 01 01 01 00 0A 10 06 09 8B 00 00 00 00 00 00 00 00 00 01 00 00 05 8F 05 01 00 06 00 00 0B 86 03 05 15 08 00 00 0B 8A 02 05 15 08 00 00 0B 8C 02 05 15 08 00 00 0B 87 02 05 15 08 00 00 0B 88 02 05 15 08 00 00 0B 8D 02 05 15 08 00 00 0B 89 02 05 15 08 00 00 0B 8B 02 05 15 05 00 00 05 B6 03 03 05 3E
83 18 F1 22 F1 01 00 : BC F1 18 62 F1 01 01 01 00 05 10 10 29 8D 00 F0 01 00 00 52 06 00 00 01 00 00 02 2A 04 0C 01 06 00 00 0C 7C 0C 37 00 08 00 00 0A 81 00 37 01 08 00 00 0A 99 37 6F 3A 05 00 00 02 3F 10 10 03 0D
83 64 F1 22 F1 01 00 : B4 F1 64 62 F1 01 01 01 00 04 10 10 26 8B 00 00 00 00 00 00 00 00 00 01 00 00 00 11 04 00 01 06 00 00 05 F5 04 00 0A 08 00 00 03 A5 04 04 01 05 00 00 00 18 04 04 05 3C
83 67 F1 22 F1 01 00 : B4 F1 67 62 F1 01 01 01 00 04 10 01 28 8B 00 21 00 00 00 00 00 00 00 01 00 00 00 78 04 01 01 06 00 00 05 D1 04 04 00 08 00 00 03 CE 03 05 00 02 00 00 02 09 FF FF FF 99
83 00 F1 22 F1 01 00 : BC F1 00 62 F1 01 01 01 00 05 10 10 26 8B 00 00 00 00 00 00 00 00 00 01 00 00 00 11 04 00 01 02 00 00 09 8E FF FF FF 06 00 00 03 A2 04 00 0A 08 00 00 04 B1 04 1E 01 05 00 00 00 14 04 1E 09 63
83 2A F1 22 F1 01 00 : B4 F1 2A 62 F1 01 01 01 00 04 10 10 22 8B 00 42 01 00 00 10 00 00 00 01 00 00 02 98 00 01 0A 06 00 00 04 AF 00 0F 0A 08 00 00 04 B0 00 11 00 05 00 00 02 9B 00 05 06 3B
83 78 F1 22 F1 01 00 : BC F1 78 62 F1 01 01 01 00 05 10 10 07 8B 00 21 00 00 00 00 00 00 00 01 00 00 00 8F 03 00 00 06 00 00 03 D4 05 0C 00 08 00 00 03 D5 05 0C 01 05 00 00 00 92 03 0E 06 02 00 00 01 D7 FF FF FF 4B
83 5E F1 22 F1 01 00 : BC F1 5E 62 F1 01 01 01 00 05 10 01 25 8B 00 02 00 00 00 00 00 00 00 01 00 00 08 29 01 00 01 02 00 00 07 49 FF FF FF 06 00 00 03 E9 01 01 01 08 00 00 04 84 01 03 01 05 00 00 00 D0 03 04 00 12
83 29 F1 22 F1 01 00 : 80 F1 29 4C 62 F1 01 01 01 00 07 10 04 13 8B 00 08 00 00 00 00 00 00 00 01 00 00 0B AC 03 AF 01 06 00 00 03 EE 05 10 01 07 00 00 04 C3 05 10 01 08 00 00 0B AE 05 DC 05 08 00 00 0B B0 05 DC 05 08 00 00 0B AF 05 DC 05 05 00 00 00 D8 05 C8 0B 06
83 40 F1 22 F1 01 00 : 80 F1 40 54 62 F1 01 01 01 00 08 21 07 31 8A 30 39 01 00 00 01 23 00 00 01 00 00 00 07 06 00 00 02 00 00 02 EA FF FF FF 06 00 00 07 4B 07 00 03 08 00 00 07 4F 07 00 29 08 00 00 07 4D 07 00 29 08 00 00 07 4E 07 00 29 08 00 00 07 4C 07 00 29 05 00 00 00 0F 05 13 05 92
83 01 F1 22 30 02 C9 : 85 F1 01 62 30 02 05 05 00
83 12 F1 22 4A B4 A6 : 87 F1 12 62 4A B4 02 BE 4D 10 07
83 01 F1 22 33 00 CA : B5 F1 01 62 33 00 00 0A 02 01 1E 0A 20 23 0F 32 0A 28 17 00 00 00 00 05 64 44 00 00 00 00 00 00 00 1E 00 00 00 00 00 00 00 24 3F DF 00 08 00 0A 14 FD FC F0 FF FF FF 00 57 
83 01 F1 22 31 1A E0 : 85 F1 01 62 31 1A 8A E9 00 
83 01 F1 22 30 FA C1 : 85 F1 01 62 30 FA 8A E9 00 
83 29 F1 22 30 0C FB : 85 F1 29 62 30 0C 8A E9 00 
83 6D F1 22 30 05 38 : A5 F1 6D 62 30 05 01 03 04 24 25 14 3C 75 6E 6B 6E 6F 77 6E 3E 00 00 FF FF FF FF 00 00 FF FF FF FF 00 00 FF FF FF FF 00 00
83 00 F1 22 34 00 CA : 93 F1 00 62 34 00 00 00 00 00 00 00 00 00 00 00 00 00 00 00 00 00 00
83 00 F1 22 35 20 EB : 85 F1 00 62 35 20 8A E9 00 
83 00 F1 22 35 21 EC : 85 F1 00 62 35 21 8A E9 00 
83 00 F1 22 35 22 ED : 85 F1 00 62 35 22 8A E9 00 
83 00 F1 22 35 23 EE : 85 F1 00 62 35 23 8A E9 00 
83 12 F1 22 33 00 DB : 87 F1 12 62 33 00 00 0A 02 01 00 
