;for d73n57c0.prg (BMW-FAST)
;all enries are in BWM-FAST format!

;IDENT
82 12 F1 1A 80 00 : BC F1 12 5A 80 00 00 08 57 21 31 00 02 00 30 57 44 20 09 12 19 08 08 02 30 37 54 4D 03 03 01 00 00 00 00 00 07 81 18 77 30 00 45 25 30 30 38 39 5A 48 30 30 30 38 39 5A 48 30 41 37 54 4D 42 DE
;INFO
86 12 F1 23 00 00 00 07 40 00 : 80 F1 12 41 63 40 41 37 37 39 30 36 36 20 10 01 28 00 00 08 51 02 90 00 00 08 51 02 91 00 00 07 80 77 65 01 11 11 31 32 33 34 35 00 30 30 38 39 5A 48 30 41 37 53 45 42 57 42 41 50 4E 37 43 35 39 41 FF FF FF 33
86 12 F1 23 00 00 40 07 40 00 : 80 F1 12 41 63 40 41 37 37 39 30 36 36 20 10 07 09 00 00 08 51 23 40 00 00 08 51 23 46 00 00 07 80 77 65 01 11 11 31 32 33 34 35 06 30 30 38 39 5A 48 30 41 37 53 51 42 57 42 41 50 4E 37 43 35 39 41 FF FF FF D3
86 12 F1 23 00 00 80 07 40 00 : 80 F1 12 41 63 40 41 37 37 39 30 36 36 20 12 05 24 00 00 08 51 94 82 00 00 08 51 94 86 00 00 07 80 77 65 01 11 11 31 32 33 34 35 44 30 30 38 39 5A 48 30 41 37 54 46 42 57 42 41 50 4E 37 43 35 39 41 FF FF FF 86
86 12 F1 23 00 00 C0 07 40 00 : 80 F1 12 41 63 40 41 37 37 39 30 36 36 20 14 10 21 00 00 08 57 23 99 00 00 08 57 24 00 00 00 07 80 77 65 00 02 40 4E 46 53 30 31 00 30 30 38 39 5A 48 30 41 37 54 4D 42 57 42 41 50 4E 37 43 35 39 41 FF FF FF 77
86 12 F1 23 00 01 00 07 40 00 : 80 F1 12 41 63 00 00 00 00 00 00 00 00 00 00 00 00 00 00 00 00 00 00 00 00 00 00 00 00 00 00 00 00 00 00 00 00 00 00 00 00 00 00 00 00 00 00 00 00 00 00 00 00 00 00 00 00 00 00 00 00 00 00 00 00 00 00 00 00 27
