;for ihka.prg (Concept 3)

; wake address, key bytes (even parity)
CFG: 59 59 81 06

: 02 00 FF 19 00 00 03 5D 61 4A 4E 11 64 04 74 44 FF FF 00 64 00 00 64 64 00 00 00 64 00 FF FF 40 41 00 4C 00 00 00 00 00 00 00 10 00 00 FF 61 00 00 00 00 5D
: 02 00 FF 19 00 00 00 5D 61 4A 4E 12 64 04 74 44 FF FF 00 64 00 00 64 64 00 00 00 64 00 FF FF 40 41 00 4C 00 00 00 00 00 00 00 10 00 00 FF 61 00 00 00 00 5D
: 02 00 FF 19 00 00 03 5D 61 4A 4E 11 64 04 74 44 FF FF 00 64 00 00 64 64 00 00 00 64 00 FF FF 40 41 00 4C 00 00 00 00 00 00 00 10 00 00 FF 61 00 00 00 00 5D
: 02 00 FF 19 00 00 04 5D 61 4A 4E 11 64 04 74 44 FF FF 00 64 00 00 64 64 00 00 00 64 00 FF FF 40 41 00 4C 00 00 00 00 00 00 00 10 00 00 FF 61 00 00 00 00 5A
: 02 00 FF 19 00 00 01 5D 61 4A 4E 11 64 04 74 44 FF FF 00 64 00 00 64 64 00 00 00 64 00 FF FF 40 41 00 4C 00 00 00 00 00 00 00 10 00 00 FF 61 00 00 00 00 5F
