;for dwa4.prg (Concept 1)

;IDENT
45 00 05 00 00 : 45 00 0B 00 04 12 60 27 24 5F 64
;FS_LESEN
45 00 05 07 00 : 45 00 2C 07 00 00 00 00 00 00 00 00 00 00 00 00 00 00 00 00 00 00 00 00 00 00 00 33 00 00 00 00 00 00 00 00 00 00 00 00 00 00 00 5D
;STATUS_EINGAENGE_LESEN
45 00 09 01 00 05 00 86 00 : 45 00 0A 01 22 89 F2 00 19 0E
;CODIERUNG_LESEN
45 00 09 0C 00 0D 01 09 00 : 45 00 12 0C 22 02 F4 53 00 6B FE 00 00 00 01 00 FE B6
;STATUS_SCHAERFEN_LESEN
45 00 09 01 00 07 00 51 00 : 45 00 0C 01 64 00 1E 0B 25 00 00 1C
