;for mot_01.grp (ISO 9141)

; wake address, key bytes (odd parity)
CFG: 01 01 8A
;ID
: 0F 01 F6 34 44 30 39 30 37 35 35 38 41 20 20
: 17 03 F6 34 2E 32 4C 20 56 38 2F 35 56 20 20 20 20 20 20 47 20 20 20
: 07 05 F6 30 30 30 32
: 08 07 F6 00 2C F0 00 00

; Fehlerspeicher_abfragen
03 00 07 : 09 0F FC 45 5B 23 44 74 23
;03 00 07 : 06 0F FC FF FF 88
; Fehlerspeicher_loeschen
03 00 05 : 06 13 FC FF FF 88

; Messwerteblock_lesen#0;WertEinmalLesen
03 00 12 : 0D 11 F4 8A 85 00 05 80 80 80 80 80 80
; Messwerteblock_lesen#10;WertEinmalLesen
; Messwerteblock_lesen#10;WertLesen
; Messwerteblock_lesen#10;ZyklusAbbrechen
; Messwerteblock_lesen#10;ZyklusEinleitenWertLesen
04 00 29 0A : 0F 1B E7 01 C8 00 21 85 85 21 FF 05 1B 4B 80
; Messwerteblock_lesen#114;WertEinmalLesen
04 00 29 72 : 0F 2F E7 10 00 00 10 00 00 10 00 00 10 00 00
; Messwerteblock_lesen#11;WertLesen
; Messwerteblock_lesen#11;ZyklusAbbrechen
; Messwerteblock_lesen#11;ZyklusEinleitenWertLesen
04 00 29 0B : 0F 39 E7 01 C8 00 05 0A 8A 05 0A 87 1B 4B 80
04 00 29 0C : 0F 45 E7 10 00 00 10 00 00 10 00 00 10 00 00
04 00 29 0D : 0F 4D E7 10 00 00 10 00 00 10 00 00 10 00 00
04 00 29 0E : 0F 57 E7 10 00 00 10 00 00 10 00 00 10 00 00
04 00 29 10 : 0F 5F E7 10 00 00 10 00 00 10 00 00 10 00 00
04 00 29 12 : 0F 71 E7 10 00 00 10 00 00 10 00 00 10 00 00
04 00 29 01 : 0F 79 E7 01 C8 00 05 0A 8A 14 64 80 14 64 80
04 00 29 14 : 0F 8B E7 22 4B 80 22 4B 80 22 4B 80 22 4B 80
04 00 29 15 : 0F 9F E7 22 4B 80 22 4B 80 22 4B 80 22 4B 80
04 00 29 16 : 0F A9 E7 01 C8 00 21 85 85 22 4B 80 22 4B 80
04 00 29 19 : 0F B1 E7 01 C8 00 21 85 85 22 4B 80 22 4B 80
04 00 29 1A : 0F B9 E7 15 75 21 15 75 21 15 75 21 15 75 21
04 00 29 02 : 0F CB E7 01 C8 00 21 85 85 0F 22 00 19 00 00
04 00 29 1E : 0F DD E7 10 07 00 10 00 00 10 07 00 10 00 00
04 00 29 1F : 0F EF E7 15 05 57 10 00 00 15 05 57 10 00 00
04 00 29 21 : 0F 01 E7 14 64 80 15 05 57 14 64 80 15 05 57
04 00 29 24 : 0F 17 E7 10 00 00 10 00 00 10 00 00 10 00 00
04 00 29 03 : 0F 1F E7 01 C8 00 19 00 00 21 FF 0E 1B 4B 80
04 00 29 04 : 0F 35 E7 01 C8 00 15 46 AA 05 0A 8A 05 0A 87
04 00 29 32 : 0F 4B E7 01 32 00 01 32 4A 25 00 0E 25 00 10
04 00 29 36 : 0F 53 E7 01 32 00 25 00 05 21 FF 00 21 FF 0E
04 00 29 05 : 0F 67 E7 01 C8 00 21 85 85 07 C8 00 25 00 05
04 00 29 3E : 0F 73 E7 17 64 2A 17 64 D6 17 64 25 17 64 12
04 00 29 42 : 0F 7B E7 07 C8 00 10 0F 08 07 C8 00 10 0F 03
04 00 29 06 : 0F 8F E7 01 C8 00 21 85 85 05 0A 87 14 64 7C
04 00 29 07 : 0F A3 E7 10 00 00 10 00 00 10 00 00 10 00 00
04 00 29 56 : 0F B5 E7 10 00 00 10 00 00 10 00 00 10 00 00
04 00 29 5D : 0F BD E7 01 C8 00 21 85 85 22 64 80 22 64 80
04 00 29 62 : 0F C5 E7 10 00 00 10 00 00 10 00 00 10 00 00
04 00 29 09 : 0F CD E7 10 00 00 10 00 00 10 00 00 10 00 00
; Grundeinstellung#0;WertEinmalLesen
03 00 11 : 0D DD F4 8A 85 00 0E 80 80 80 80 80 80
; Grundeinstellung#107;WertEinmalLesen
04 00 28 6B : 0F F5 E7 01 C8 00 14 64 80 14 64 80 25 00 EB
04 00 28 0B : 0F 01 E7 01 C8 00 05 0A 8A 05 0A 87 1B 4B 80
04 00 28 01 : 0F 0D E7 01 C8 00 05 0A 8A 14 64 80 14 64 80
04 00 28 22 : 0F 19 E7 10 00 00 10 00 00 10 00 00 10 00 00
04 00 28 23 : 0F 25 E7 10 00 00 10 00 00 10 00 00 10 00 00
04 00 28 24 : 0F 31 E7 10 00 00 10 00 00 10 00 00 10 00 00
04 00 28 25 : 0F 3D E7 10 00 00 10 00 00 10 00 00 10 00 00
04 00 28 26 : 0F 49 E7 10 00 00 10 00 00 10 00 00 10 00 00
04 00 28 03 : 0F 55 E7 01 C8 00 19 00 00 21 FF 0E 1B 4B 80
04 00 28 29 : 0F 61 E7 25 00 00 25 00 D7 10 00 00 10 00 00
04 00 28 2A : 0F 6D E7 25 00 00 25 00 D7 10 00 00 10 00 00
04 00 28 2B : 0F 79 E7 10 00 00 10 00 00 10 00 00 10 00 00
04 00 28 2C : 0F 85 E7 10 00 00 10 00 00 10 00 00 10 00 00
04 00 28 2E : 0F 91 E7 10 00 00 10 00 00 10 00 00 10 00 00
04 00 28 2F : 0F 9D E7 10 00 00 10 00 00 10 00 00 10 00 00
04 00 28 3C : 0F A9 E7 17 64 29 17 64 D7 36 00 02 25 00 01
04 00 28 3F : 0F B5 E7 17 64 25 17 64 12 25 00 3B 25 00 4A
04 00 28 46 : 0F C1 E7 10 00 00 10 00 00 10 00 00 10 00 00
04 00 28 47 : 0F CD E7 10 00 00 10 00 00 10 00 00 10 00 00
04 00 28 4D : 0F D9 E7 10 00 00 10 00 00 10 00 00 10 00 00
04 00 28 4E : 0F E5 E7 10 00 00 10 00 00 10 00 00 10 00 00
04 00 28 62 : 0F F1 E7 10 00 00 10 00 00 10 00 00 10 00 00
